MtW18000.grd
ncols 800 
nrows 10
xllcorner 0.0
yllcorner 0.0
cellsize 10.0
[rows 0 to 9 of 10, columns 134 to 200 of 800]
1383.13 1381.63 1380.16 1378.74 1377.34 1375.94 1374.53 1373.11 1371.68 1370.20 1368.72 1367.28 1365.87 1364.49 1363.09 1361.72 1360.42 1359.22 1358.08 1356.97 1355.87 1354.78 1353.72 1352.70 1351.68 1350.62 1349.51 1348.38 1347.27 1346.23 1345.25 1344.29 1343.32 1342.34 1341.41 1340.51 1339.61 1338.64 1337.58 1336.46 1335.32 1334.19 1333.10 1332.02 1330.93 1329.81 1328.68 1327.58 1326.53 1325.49 1324.45 1323.44 1322.51 1321.68 1320.91 1320.16 1319.42 1318.69 1317.96 1317.26 1316.55 1315.83 1315.09 1314.31 1313.54 1312.80 1312.10
1383.70 1382.17 1380.68 1379.26 1377.86 1376.47 1375.07 1373.66 1372.21 1370.73 1369.24 1367.80 1366.41 1365.03 1363.63 1362.22 1360.89 1359.66 1358.50 1357.37 1356.25 1355.15 1354.09 1353.07 1352.06 1351.00 1349.87 1348.70 1347.57 1346.54 1345.59 1344.67 1343.72 1342.78 1341.87 1341.01 1340.13 1339.17 1338.12 1336.99 1335.84 1334.72 1333.63 1332.56 1331.48 1330.37 1329.25 1328.17 1327.14 1326.11 1325.07 1324.05 1323.13 1322.30 1321.52 1320.76 1319.99 1319.23 1318.50 1317.79 1317.09 1316.38 1315.65 1314.87 1314.10 1313.37 1312.69
1384.74 1383.16 1381.64 1380.19 1378.79 1377.41 1376.02 1374.62 1373.17 1371.67 1370.17 1368.75 1367.39 1366.03 1364.61 1363.16 1361.77 1360.48 1359.27 1358.10 1356.95 1355.84 1354.78 1353.77 1352.76 1351.68 1350.50 1349.29 1348.14 1347.12 1346.22 1345.35 1344.45 1343.55 1342.70 1341.88 1341.04 1340.10 1339.04 1337.90 1336.75 1335.63 1334.56 1333.52 1332.46 1331.36 1330.27 1329.22 1328.21 1327.19 1326.14 1325.11 1324.19 1323.38 1322.61 1321.83 1321.03 1320.25 1319.49 1318.76 1318.06 1317.37 1316.64 1315.88 1315.12 1314.41 1313.75
1386.18 1384.56 1382.99 1381.51 1380.08 1378.69 1377.31 1375.90 1374.45 1372.95 1371.48 1370.09 1368.76 1367.42 1365.99 1364.51 1363.05 1361.68 1360.38 1359.14 1357.95 1356.81 1355.75 1354.74 1353.72 1352.62 1351.39 1350.12 1348.94 1347.95 1347.10 1346.29 1345.45 1344.61 1343.81 1343.05 1342.24 1341.31 1340.25 1339.10 1337.95 1336.85 1335.81 1334.80 1333.76 1332.70 1331.64 1330.64 1329.66 1328.63 1327.54 1326.49 1325.59 1324.82 1324.09 1323.32 1322.51 1321.69 1320.90 1320.14 1319.42 1318.72 1318.00 1317.26 1316.53 1315.84 1315.20
1387.81 1386.16 1384.55 1383.01 1381.54 1380.11 1378.71 1377.30 1375.86 1374.39 1372.97 1371.63 1370.33 1369.00 1367.57 1366.07 1364.56 1363.09 1361.70 1360.37 1359.11 1357.94 1356.86 1355.83 1354.80 1353.66 1352.40 1351.10 1349.90 1348.92 1348.11 1347.34 1346.55 1345.76 1345.02 1344.30 1343.52 1342.59 1341.52 1340.37 1339.23 1338.16 1337.15 1336.17 1335.16 1334.12 1333.11 1332.16 1331.19 1330.14 1329.00 1327.94 1327.06 1326.35 1325.68 1324.96 1324.18 1323.36 1322.54 1321.73 1320.97 1320.25 1319.53 1318.80 1318.08 1317.41 1316.76
1389.49 1387.84 1386.21 1384.62 1383.08 1381.60 1380.15 1378.73 1377.31 1375.91 1374.56 1373.27 1371.99 1370.67 1369.25 1367.74 1366.18 1364.64 1363.15 1361.72 1360.38 1359.15 1358.02 1356.96 1355.89 1354.74 1353.47 1352.17 1350.98 1350.01 1349.20 1348.45 1347.69 1346.94 1346.24 1345.56 1344.79 1343.86 1342.78 1341.62 1340.49 1339.45 1338.49 1337.54 1336.54 1335.52 1334.55 1333.65 1332.71 1331.63 1330.46 1329.38 1328.52 1327.85 1327.23 1326.58 1325.86 1325.09 1324.27 1323.43 1322.62 1321.85 1321.10 1320.37 1319.66 1318.98 1318.32
1391.17 1389.53 1387.89 1386.26 1384.67 1383.12 1381.63 1380.19 1378.80 1377.48 1376.20 1374.95 1373.69 1372.36 1370.95 1369.43 1367.86 1366.27 1364.69 1363.17 1361.75 1360.43 1359.22 1358.09 1356.99 1355.83 1354.58 1353.32 1352.16 1351.20 1350.39 1349.63 1348.87 1348.15 1347.48 1346.82 1346.05 1345.10 1344.00 1342.84 1341.75 1340.75 1339.83 1338.90 1337.91 1336.92 1336.00 1335.15 1334.24 1333.16 1331.98 1330.90 1330.02 1329.33 1328.71 1328.09 1327.43 1326.72 1325.94 1325.10 1324.26 1323.46 1322.69 1321.94 1321.22 1320.52 1319.83
1392.80 1391.20 1389.56 1387.92 1386.29 1384.70 1383.17 1381.72 1380.36 1379.08 1377.86 1376.64 1375.38 1374.05 1372.64 1371.12 1369.54 1367.92 1366.30 1364.71 1363.20 1361.79 1360.48 1359.26 1358.10 1356.94 1355.74 1354.55 1353.45 1352.51 1351.68 1350.90 1350.16 1349.45 1348.79 1348.12 1347.32 1346.34 1345.22 1344.09 1343.04 1342.11 1341.23 1340.32 1339.36 1338.40 1337.53 1336.72 1335.83 1334.78 1333.64 1332.56 1331.64 1330.87 1330.19 1329.54 1328.90 1328.22 1327.48 1326.67 1325.83 1325.02 1324.25 1323.51 1322.78 1322.06 1321.34
1394.38 1392.82 1391.21 1389.58 1387.94 1386.34 1384.80 1383.35 1382.00 1380.74 1379.52 1378.29 1377.02 1375.69 1374.28 1372.77 1371.19 1369.57 1367.93 1366.31 1364.73 1363.22 1361.81 1360.51 1359.29 1358.12 1356.96 1355.85 1354.82 1353.90 1353.06 1352.28 1351.54 1350.85 1350.18 1349.46 1348.61 1347.59 1346.48 1345.39 1344.41 1343.53 1342.70 1341.83 1340.92 1340.02 1339.18 1338.38 1337.51 1336.50 1335.41 1334.35 1333.39 1332.54 1331.76 1331.03 1330.35 1329.66 1328.93 1328.12 1327.29 1326.50 1325.76 1325.05 1324.35 1323.62 1322.86
1395.88 1394.38 1392.82 1391.22 1389.60 1388.01 1386.49 1385.05 1383.70 1382.42 1381.16 1379.89 1378.59 1377.24 1375.84 1374.36 1372.81 1371.21 1369.57 1367.93 1366.30 1364.73 1363.24 1361.87 1360.60 1359.41 1358.28 1357.23 1356.26 1355.36 1354.51 1353.71 1352.97 1352.28 1351.58 1350.79 1349.88 1348.84 1347.75 1346.72 1345.81 1344.99 1344.20 1343.39 1342.55 1341.71 1340.89 1340.08 1339.21 1338.23 1337.20 1336.18 1335.23 1334.32 1333.46 1332.65 1331.90 1331.16 1330.39 1329.56 1328.72 1327.93 1327.22 1326.56 1325.89 1325.16 1324.37
