MtW18000.grd
ncols 800 
nrows 10
xllcorner 0.0
yllcorner 0.0
cellsize 10.0
[rows 0 to 9 of 10, columns 603 to 669 of 800]
1233.66 1232.62 1231.56 1230.44 1229.28 1228.11 1227.00 1225.96 1224.98 1224.03 1223.11 1222.27 1221.56 1220.99 1220.57 1220.25 1220.00 1219.81 1219.66 1219.55 1219.48 1219.46 1219.47 1219.52 1219.60 1219.71 1219.83 1219.96 1220.10 1220.23 1220.35 1220.45 1220.53 1220.57 1220.57 1220.54 1220.50 1220.51 1220.68 1221.12 1221.93 1223.11 1224.60 1226.32 1228.15 1230.02 1231.86 1233.67 1235.48 1237.29 1239.08 1240.82 1242.42 1243.89 1245.26 1246.59 1247.92 1249.23 1250.51 1251.77 1253.02 1254.24 1255.44 1256.66 1257.93 1259.26 1260.58
1234.10 1233.07 1232.00 1230.86 1229.66 1228.46 1227.34 1226.32 1225.36 1224.44 1223.52 1222.66 1221.91 1221.30 1220.83 1220.45 1220.14 1219.87 1219.65 1219.48 1219.36 1219.30 1219.30 1219.35 1219.45 1219.58 1219.74 1219.92 1220.11 1220.29 1220.46 1220.61 1220.71 1220.76 1220.76 1220.72 1220.69 1220.74 1221.00 1221.57 1222.52 1223.81 1225.37 1227.12 1228.97 1230.82 1232.63 1234.40 1236.15 1237.92 1239.71 1241.45 1243.08 1244.57 1245.96 1247.30 1248.62 1249.93 1251.21 1252.46 1253.69 1254.89 1256.07 1257.28 1258.57 1259.94 1261.32
1234.91 1233.88 1232.79 1231.60 1230.33 1229.08 1227.94 1226.94 1226.03 1225.13 1224.22 1223.32 1222.53 1221.88 1221.35 1220.90 1220.48 1220.10 1219.77 1219.49 1219.29 1219.16 1219.11 1219.13 1219.22 1219.38 1219.58 1219.83 1220.09 1220.36 1220.61 1220.82 1220.97 1221.05 1221.05 1221.01 1221.02 1221.18 1221.62 1222.43 1223.60 1225.07 1226.74 1228.55 1230.41 1232.24 1233.99 1235.68 1237.35 1239.07 1240.83 1242.57 1244.23 1245.76 1247.18 1248.53 1249.85 1251.14 1252.41 1253.65 1254.87 1256.04 1257.19 1258.39 1259.72 1261.16 1262.61
1236.02 1234.98 1233.86 1232.59 1231.24 1229.92 1228.77 1227.79 1226.92 1226.05 1225.14 1224.22 1223.40 1222.73 1222.18 1221.67 1221.16 1220.66 1220.19 1219.79 1219.46 1219.22 1219.07 1219.02 1219.06 1219.19 1219.41 1219.69 1220.02 1220.38 1220.72 1221.01 1221.21 1221.31 1221.33 1221.34 1221.47 1221.85 1222.58 1223.70 1225.14 1226.80 1228.60 1230.46 1232.33 1234.12 1235.80 1237.40 1239.00 1240.65 1242.36 1244.09 1245.76 1247.33 1248.78 1250.14 1251.44 1252.71 1253.96 1255.19 1256.40 1257.57 1258.73 1259.95 1261.31 1262.80 1264.32
1237.28 1236.21 1235.02 1233.68 1232.25 1230.90 1229.74 1228.78 1227.93 1227.08 1226.18 1225.26 1224.44 1223.79 1223.24 1222.71 1222.15 1221.57 1221.00 1220.49 1220.05 1219.68 1219.40 1219.22 1219.15 1219.19 1219.34 1219.59 1219.93 1220.33 1220.74 1221.09 1221.34 1221.48 1221.56 1221.70 1222.05 1222.74 1223.82 1225.25 1226.92 1228.73 1230.61 1232.49 1234.33 1236.07 1237.69 1239.25 1240.81 1242.41 1244.06 1245.73 1247.38 1248.97 1250.45 1251.81 1253.09 1254.32 1255.55 1256.78 1258.02 1259.23 1260.44 1261.70 1263.08 1264.56 1266.08
1238.60 1237.47 1236.22 1234.81 1233.36 1232.01 1230.86 1229.90 1229.06 1228.22 1227.32 1226.42 1225.64 1225.00 1224.47 1223.93 1223.35 1222.73 1222.12 1221.54 1221.02 1220.55 1220.14 1219.82 1219.62 1219.54 1219.56 1219.70 1219.95 1220.32 1220.75 1221.15 1221.46 1221.68 1221.88 1222.23 1222.87 1223.91 1225.31 1226.98 1228.81 1230.70 1232.60 1234.46 1236.23 1237.91 1239.51 1241.08 1242.65 1244.23 1245.80 1247.40 1249.01 1250.58 1252.06 1253.41 1254.66 1255.86 1257.08 1258.34 1259.64 1260.95 1262.25 1263.54 1264.88 1266.29 1267.75
1239.98 1238.77 1237.45 1236.03 1234.59 1233.26 1232.13 1231.18 1230.32 1229.47 1228.57 1227.70 1226.94 1226.33 1225.79 1225.23 1224.63 1224.01 1223.39 1222.80 1222.24 1221.69 1221.19 1220.78 1220.50 1220.32 1220.23 1220.21 1220.32 1220.57 1220.96 1221.39 1221.79 1222.14 1222.53 1223.11 1224.04 1225.36 1227.00 1228.82 1230.73 1232.64 1234.51 1236.29 1237.99 1239.63 1241.25 1242.87 1244.47 1246.01 1247.53 1249.06 1250.62 1252.16 1253.60 1254.91 1256.12 1257.30 1258.54 1259.86 1261.27 1262.70 1264.08 1265.38 1266.65 1267.95 1269.34
1241.44 1240.13 1238.76 1237.34 1235.93 1234.64 1233.52 1232.56 1231.69 1230.82 1229.93 1229.07 1228.33 1227.71 1227.14 1226.55 1225.93 1225.31 1224.70 1224.11 1223.53 1222.96 1222.43 1222.01 1221.73 1221.55 1221.39 1221.24 1221.18 1221.29 1221.60 1222.06 1222.58 1223.10 1223.68 1224.47 1225.60 1227.08 1228.84 1230.73 1232.65 1234.52 1236.31 1238.01 1239.66 1241.30 1242.97 1244.62 1246.22 1247.73 1249.20 1250.69 1252.22 1253.71 1255.08 1256.31 1257.48 1258.67 1259.97 1261.41 1262.94 1264.46 1265.88 1267.16 1268.36 1269.59 1270.91
1242.98 1241.58 1240.15 1238.73 1237.36 1236.10 1234.99 1234.02 1233.13 1232.25 1231.36 1230.51 1229.76 1229.11 1228.49 1227.87 1227.23 1226.61 1226.00 1225.41 1224.82 1224.24 1223.74 1223.40 1223.23 1223.13 1222.98 1222.76 1222.57 1222.53 1222.77 1223.27 1223.91 1224.61 1225.35 1226.26 1227.46 1228.99 1230.77 1232.65 1234.52 1236.31 1238.01 1239.66 1241.31 1242.99 1244.67 1246.31 1247.86 1249.34 1250.79 1252.28 1253.78 1255.20 1256.48 1257.64 1258.77 1260.01 1261.41 1262.97 1264.60 1266.17 1267.60 1268.87 1270.04 1271.23 1272.49
1244.58 1243.09 1241.61 1240.17 1238.82 1237.58 1236.47 1235.49 1234.58 1233.69 1232.81 1231.97 1231.21 1230.52 1229.86 1229.20 1228.55 1227.91 1227.30 1226.69 1226.08 1225.52 1225.08 1224.87 1224.85 1224.88 1224.80 1224.58 1224.31 1224.20 1224.39 1224.91 1225.66 1226.47 1227.32 1228.28 1229.48 1230.98 1232.71 1234.53 1236.31 1238.01 1239.66 1241.31 1242.99 1244.68 1246.34 1247.91 1249.41 1250.86 1252.32 1253.80 1255.26 1256.61 1257.81 1258.92 1260.06 1261.37 1262.87 1264.53 1266.21 1267.79 1269.23 1270.52 1271.71 1272.88 1274.08
