MtW180000.grd
ncols 800 
nrows 100
xllcorner 0.0
yllcorner 0.0
cellsize 10.0
[rows 29 to 57 of 100, columns 603 to 669 of 800]
1275.94 1274.49 1273.03 1271.60 1270.25 1269.01 1267.88 1266.81 1265.75 1264.65 1263.51 1262.35 1261.18 1260.02 1258.90 1257.86 1256.87 1255.91 1254.97 1254.06 1253.22 1252.51 1251.98 1251.65 1251.52 1251.56 1251.70 1251.87 1252.03 1252.19 1252.41 1252.72 1253.15 1253.75 1254.52 1255.46 1256.53 1257.68 1258.93 1260.32 1261.88 1263.60 1265.45 1267.36 1269.30 1271.25 1273.18 1275.04 1276.79 1278.43 1280.07 1281.80 1283.63 1285.51 1287.37 1289.13 1290.80 1292.40 1293.95 1295.46 1296.92 1298.37 1299.85 1301.43 1303.13 1304.94 1306.84
1277.36 1275.93 1274.48 1273.04 1271.66 1270.38 1269.23 1268.17 1267.12 1266.03 1264.88 1263.69 1262.50 1261.34 1260.24 1259.23 1258.27 1257.33 1256.40 1255.50 1254.67 1253.94 1253.38 1253.01 1252.84 1252.83 1252.92 1253.02 1253.12 1253.24 1253.43 1253.71 1254.10 1254.62 1255.33 1256.21 1257.24 1258.42 1259.77 1261.29 1262.98 1264.81 1266.71 1268.65 1270.60 1272.54 1274.43 1276.21 1277.88 1279.49 1281.15 1282.94 1284.82 1286.72 1288.58 1290.35 1292.04 1293.65 1295.20 1296.72 1298.23 1299.78 1301.40 1303.12 1304.94 1306.84 1308.78
1278.75 1277.35 1275.93 1274.50 1273.10 1271.79 1270.60 1269.51 1268.45 1267.35 1266.19 1264.98 1263.79 1262.64 1261.57 1260.58 1259.64 1258.72 1257.80 1256.91 1256.06 1255.31 1254.70 1254.28 1254.08 1254.03 1254.07 1254.13 1254.18 1254.28 1254.46 1254.71 1255.05 1255.51 1256.14 1256.97 1257.99 1259.22 1260.67 1262.33 1264.15 1266.05 1267.99 1269.95 1271.90 1273.82 1275.64 1277.33 1278.94 1280.55 1282.26 1284.09 1285.99 1287.89 1289.74 1291.54 1293.25 1294.88 1296.44 1297.98 1299.58 1301.27 1303.05 1304.91 1306.83 1308.78 1310.76
1280.13 1278.74 1277.35 1275.94 1274.55 1273.22 1271.99 1270.86 1269.76 1268.64 1267.46 1266.25 1265.06 1263.92 1262.87 1261.91 1260.99 1260.08 1259.17 1258.28 1257.40 1256.60 1255.94 1255.49 1255.24 1255.16 1255.15 1255.16 1255.20 1255.29 1255.47 1255.71 1256.02 1256.43 1257.00 1257.78 1258.79 1260.08 1261.64 1263.43 1265.34 1267.30 1269.27 1271.24 1273.18 1275.05 1276.80 1278.43 1280.03 1281.68 1283.44 1285.29 1287.17 1289.05 1290.90 1292.70 1294.42 1296.05 1297.63 1299.24 1300.98 1302.84 1304.79 1306.77 1308.76 1310.75 1312.75
1281.54 1280.14 1278.75 1277.36 1275.99 1274.66 1273.40 1272.22 1271.08 1269.92 1268.72 1267.51 1266.31 1265.18 1264.14 1263.19 1262.29 1261.41 1260.52 1259.61 1258.70 1257.85 1257.14 1256.63 1256.34 1256.19 1256.13 1256.10 1256.12 1256.22 1256.40 1256.66 1256.96 1257.36 1257.89 1258.64 1259.65 1260.99 1262.66 1264.55 1266.54 1268.55 1270.55 1272.52 1274.43 1276.23 1277.91 1279.54 1281.19 1282.92 1284.73 1286.58 1288.44 1290.27 1292.09 1293.87 1295.58 1297.20 1298.82 1300.54 1302.44 1304.48 1306.57 1308.65 1310.70 1312.72 1314.73
1283.04 1281.58 1280.16 1278.77 1277.40 1276.08 1274.81 1273.59 1272.40 1271.20 1269.98 1268.76 1267.55 1266.40 1265.35 1264.40 1263.53 1262.69 1261.83 1260.92 1259.98 1259.08 1258.30 1257.73 1257.35 1257.12 1256.99 1256.92 1256.92 1257.01 1257.22 1257.50 1257.85 1258.27 1258.81 1259.55 1260.59 1262.00 1263.74 1265.70 1267.75 1269.80 1271.82 1273.78 1275.63 1277.35 1279.00 1280.66 1282.41 1284.23 1286.09 1287.94 1289.77 1291.57 1293.35 1295.08 1296.76 1298.40 1300.09 1301.93 1303.97 1306.15 1308.35 1310.50 1312.59 1314.65 1316.68
1284.61 1283.09 1281.61 1280.17 1278.79 1277.46 1276.18 1274.93 1273.70 1272.48 1271.24 1270.00 1268.77 1267.59 1266.50 1265.54 1264.69 1263.90 1263.08 1262.18 1261.24 1260.31 1259.48 1258.81 1258.32 1257.98 1257.76 1257.64 1257.61 1257.69 1257.90 1258.23 1258.64 1259.13 1259.73 1260.53 1261.65 1263.13 1264.92 1266.92 1268.98 1271.05 1273.06 1274.98 1276.77 1278.44 1280.09 1281.80 1283.63 1285.52 1287.41 1289.27 1291.09 1292.88 1294.62 1296.32 1297.99 1299.68 1301.48 1303.45 1305.58 1307.82 1310.07 1312.27 1314.40 1316.49 1318.56
1286.24 1284.66 1283.12 1281.62 1280.19 1278.82 1277.51 1276.24 1274.99 1273.74 1272.50 1271.24 1269.99 1268.76 1267.63 1266.65 1265.82 1265.06 1264.27 1263.40 1262.48 1261.55 1260.68 1259.92 1259.29 1258.82 1258.49 1258.30 1258.22 1258.29 1258.50 1258.86 1259.35 1259.94 1260.65 1261.57 1262.80 1264.37 1266.21 1268.21 1270.26 1272.30 1274.27 1276.13 1277.86 1279.51 1281.19 1282.97 1284.84 1286.75 1288.65 1290.51 1292.35 1294.15 1295.89 1297.59 1299.30 1301.09 1303.02 1305.09 1307.26 1309.49 1311.74 1313.95 1316.13 1318.27 1320.41
1287.90 1286.28 1284.68 1283.12 1281.63 1280.20 1278.84 1277.53 1276.26 1275.00 1273.75 1272.48 1271.21 1269.95 1268.79 1267.79 1266.96 1266.20 1265.43 1264.58 1263.69 1262.80 1261.92 1261.09 1260.33 1259.71 1259.26 1258.96 1258.83 1258.86 1259.07 1259.46 1260.02 1260.72 1261.58 1262.66 1264.03 1265.69 1267.56 1269.55 1271.58 1273.57 1275.47 1277.24 1278.93 1280.61 1282.35 1284.17 1286.06 1287.97 1289.86 1291.74 1293.59 1295.41 1297.17 1298.93 1300.75 1302.68 1304.73 1306.85 1309.01 1311.21 1313.42 1315.64 1317.85 1320.07 1322.29
1289.57 1287.93 1286.29 1284.68 1283.12 1281.63 1280.21 1278.85 1277.54 1276.26 1275.00 1273.73 1272.45 1271.19 1270.02 1269.01 1268.16 1267.38 1266.58 1265.74 1264.89 1264.04 1263.17 1262.30 1261.45 1260.71 1260.13 1259.73 1259.53 1259.52 1259.73 1260.16 1260.80 1261.61 1262.62 1263.86 1265.35 1267.07 1268.95 1270.92 1272.90 1274.82 1276.63 1278.35 1280.02 1281.74 1283.55 1285.43 1287.33 1289.24 1291.13 1293.01 1294.87 1296.69 1298.52 1300.39 1302.37 1304.44 1306.58 1308.72 1310.86 1313.01 1315.21 1317.44 1319.70 1321.99 1324.26
1291.24 1289.59 1287.93 1286.29 1284.68 1283.12 1281.63 1280.21 1278.85 1277.54 1276.26 1274.98 1273.71 1272.46 1271.32 1270.32 1269.44 1268.60 1267.76 1266.91 1266.07 1265.25 1264.40 1263.51 1262.63 1261.83 1261.19 1260.73 1260.47 1260.44 1260.65 1261.13 1261.84 1262.76 1263.89 1265.23 1266.78 1268.52 1270.36 1272.27 1274.18 1276.02 1277.77 1279.45 1281.15 1282.93 1284.80 1286.71 1288.64 1290.57 1292.47 1294.35 1296.18 1298.02 1299.93 1301.97 1304.12 1306.32 1308.51 1310.66 1312.79 1314.93 1317.13 1319.39 1321.71 1324.04 1326.32
1292.91 1291.25 1289.59 1287.93 1286.29 1284.68 1283.12 1281.63 1280.21 1278.85 1277.54 1276.25 1274.99 1273.78 1272.67 1271.68 1270.77 1269.87 1268.96 1268.08 1267.24 1266.42 1265.57 1264.69 1263.83 1263.08 1262.48 1262.05 1261.78 1261.73 1261.96 1262.47 1263.24 1264.22 1265.39 1266.76 1268.31 1270.00 1271.78 1273.60 1275.41 1277.17 1278.88 1280.58 1282.34 1284.18 1286.08 1288.02 1289.98 1291.93 1293.84 1295.69 1297.52 1299.39 1301.42 1303.62 1305.92 1308.22 1310.46 1312.63 1314.76 1316.90 1319.12 1321.42 1323.78 1326.13 1328.39
1294.58 1292.92 1291.25 1289.59 1287.93 1286.29 1284.68 1283.12 1281.63 1280.21 1278.86 1277.55 1276.29 1275.10 1274.01 1273.03 1272.09 1271.13 1270.18 1269.25 1268.38 1267.54 1266.69 1265.83 1265.05 1264.43 1263.98 1263.66 1263.46 1263.41 1263.62 1264.14 1264.91 1265.88 1267.02 1268.35 1269.85 1271.48 1273.17 1274.89 1276.60 1278.28 1279.98 1281.74 1283.58 1285.48 1287.42 1289.38 1291.34 1293.30 1295.19 1297.03 1298.87 1300.82 1302.98 1305.32 1307.73 1310.09 1312.36 1314.55 1316.69 1318.86 1321.10 1323.43 1325.80 1328.13 1330.38
1296.25 1294.58 1292.92 1291.25 1289.59 1287.93 1286.29 1284.68 1283.13 1281.64 1280.23 1278.88 1277.59 1276.40 1275.31 1274.31 1273.34 1272.35 1271.36 1270.40 1269.49 1268.62 1267.76 1266.94 1266.27 1265.81 1265.56 1265.43 1265.33 1265.31 1265.49 1265.95 1266.66 1267.55 1268.61 1269.86 1271.31 1272.88 1274.51 1276.13 1277.76 1279.41 1281.14 1282.96 1284.88 1286.84 1288.82 1290.78 1292.74 1294.66 1296.53 1298.36 1300.26 1302.33 1304.62 1307.05 1309.50 1311.88 1314.16 1316.36 1318.54 1320.74 1323.00 1325.33 1327.67 1329.98 1332.20
1297.91 1296.25 1294.58 1292.92 1291.25 1289.59 1287.93 1286.29 1284.69 1283.14 1281.65 1280.24 1278.91 1277.68 1276.55 1275.51 1274.51 1273.51 1272.50 1271.51 1270.57 1269.66 1268.80 1268.04 1267.47 1267.16 1267.10 1267.15 1267.18 1267.20 1267.35 1267.72 1268.34 1269.14 1270.11 1271.30 1272.69 1274.21 1275.78 1277.34 1278.93 1280.60 1282.39 1284.27 1286.24 1288.25 1290.25 1292.22 1294.15 1296.01 1297.84 1299.71 1301.71 1303.91 1306.28 1308.75 1311.18 1313.54 1315.81 1318.04 1320.27 1322.53 1324.82 1327.13 1329.43 1331.69 1333.88
1299.57 1297.91 1296.25 1294.58 1292.92 1291.25 1289.59 1287.93 1286.29 1284.69 1283.13 1281.64 1280.25 1278.96 1277.78 1276.68 1275.63 1274.60 1273.58 1272.58 1271.62 1270.70 1269.86 1269.14 1268.65 1268.43 1268.50 1268.70 1268.86 1268.95 1269.07 1269.36 1269.90 1270.64 1271.58 1272.72 1274.05 1275.52 1277.02 1278.56 1280.17 1281.90 1283.75 1285.69 1287.69 1289.71 1291.72 1293.67 1295.53 1297.34 1299.15 1301.08 1303.19 1305.49 1307.90 1310.34 1312.73 1315.05 1317.31 1319.60 1321.92 1324.27 1326.60 1328.89 1331.13 1333.33 1335.47
1301.21 1299.57 1297.91 1296.25 1294.58 1292.92 1291.26 1289.60 1287.94 1286.29 1284.68 1283.13 1281.68 1280.32 1279.06 1277.87 1276.74 1275.67 1274.63 1273.62 1272.65 1271.74 1270.92 1270.26 1269.81 1269.64 1269.76 1270.06 1270.34 1270.49 1270.59 1270.83 1271.33 1272.07 1273.02 1274.15 1275.42 1276.81 1278.27 1279.82 1281.50 1283.32 1285.24 1287.22 1289.22 1291.24 1293.22 1295.11 1296.91 1298.66 1300.50 1302.51 1304.72 1307.06 1309.46 1311.84 1314.17 1316.46 1318.75 1321.12 1323.55 1325.99 1328.37 1330.65 1332.86 1335.01 1337.10
1302.82 1301.21 1299.57 1297.91 1296.25 1294.59 1292.93 1291.28 1289.63 1287.97 1286.34 1284.75 1283.25 1281.83 1280.47 1279.15 1277.91 1276.75 1275.67 1274.65 1273.68 1272.78 1272.00 1271.38 1270.96 1270.81 1270.94 1271.28 1271.63 1271.82 1271.92 1272.12 1272.62 1273.41 1274.41 1275.53 1276.74 1278.06 1279.51 1281.12 1282.90 1284.83 1286.83 1288.83 1290.84 1292.82 1294.74 1296.55 1298.28 1300.03 1301.92 1304.01 1306.28 1308.63 1310.98 1313.30 1315.58 1317.87 1320.23 1322.70 1325.23 1327.73 1330.14 1332.43 1334.62 1336.74 1338.81
1304.38 1302.82 1301.21 1299.57 1297.91 1296.26 1294.61 1292.98 1291.36 1289.73 1288.12 1286.54 1285.01 1283.51 1282.02 1280.55 1279.16 1277.88 1276.73 1275.68 1274.70 1273.82 1273.07 1272.48 1272.09 1271.95 1272.08 1272.41 1272.77 1272.98 1273.07 1273.27 1273.77 1274.61 1275.65 1276.77 1277.96 1279.26 1280.74 1282.45 1284.35 1286.38 1288.44 1290.47 1292.46 1294.38 1296.22 1297.96 1299.67 1301.45 1303.42 1305.57 1307.86 1310.19 1312.50 1314.77 1317.03 1319.36 1321.80 1324.35 1326.95 1329.48 1331.89 1334.17 1336.34 1338.46 1340.56
1305.89 1304.38 1302.82 1301.21 1299.57 1297.93 1296.30 1294.69 1293.10 1291.53 1289.98 1288.45 1286.91 1285.33 1283.70 1282.06 1280.50 1279.09 1277.84 1276.73 1275.73 1274.85 1274.11 1273.55 1273.19 1273.05 1273.17 1273.47 1273.81 1274.00 1274.09 1274.29 1274.80 1275.65 1276.72 1277.86 1279.08 1280.45 1282.03 1283.84 1285.84 1287.93 1290.03 1292.06 1294.01 1295.85 1297.59 1299.29 1301.03 1302.91 1304.96 1307.16 1309.44 1311.73 1314.00 1316.26 1318.54 1320.93 1323.45 1326.06 1328.67 1331.20 1333.58 1335.83 1337.99 1340.12 1342.26
1307.33 1305.88 1304.38 1302.82 1301.21 1299.59 1297.98 1296.39 1294.84 1293.33 1291.85 1290.38 1288.86 1287.23 1285.47 1283.67 1281.96 1280.41 1279.05 1277.84 1276.78 1275.87 1275.13 1274.58 1274.25 1274.12 1274.21 1274.46 1274.74 1274.92 1275.02 1275.23 1275.74 1276.59 1277.68 1278.90 1280.23 1281.73 1283.44 1285.35 1287.40 1289.51 1291.60 1293.59 1295.46 1297.20 1298.88 1300.58 1302.39 1304.37 1306.50 1308.73 1310.99 1313.25 1315.50 1317.77 1320.12 1322.59 1325.17 1327.81 1330.40 1332.89 1335.23 1337.44 1339.57 1341.71 1343.89
1308.75 1307.33 1305.88 1304.37 1302.82 1301.23 1299.64 1298.08 1296.55 1295.09 1293.68 1292.28 1290.79 1289.13 1287.30 1285.41 1283.57 1281.88 1280.39 1279.07 1277.91 1276.94 1276.16 1275.62 1275.29 1275.16 1275.20 1275.37 1275.59 1275.76 1275.89 1276.13 1276.65 1277.50 1278.63 1279.97 1281.49 1283.18 1285.02 1287.00 1289.05 1291.13 1293.16 1295.08 1296.85 1298.52 1300.17 1301.91 1303.80 1305.86 1308.04 1310.27 1312.52 1314.77 1317.02 1319.35 1321.80 1324.36 1327.00 1329.64 1332.20 1334.64 1336.93 1339.09 1341.19 1343.32 1345.49
1310.15 1308.74 1307.32 1305.86 1304.35 1302.81 1301.26 1299.72 1298.23 1296.81 1295.45 1294.10 1292.63 1290.99 1289.16 1287.23 1285.33 1283.53 1281.91 1280.46 1279.19 1278.12 1277.28 1276.68 1276.33 1276.17 1276.15 1276.24 1276.40 1276.58 1276.76 1277.04 1277.58 1278.45 1279.65 1281.14 1282.86 1284.74 1286.71 1288.72 1290.75 1292.77 1294.72 1296.55 1298.26 1299.91 1301.59 1303.40 1305.35 1307.43 1309.60 1311.82 1314.06 1316.30 1318.60 1321.02 1323.58 1326.26 1328.95 1331.59 1334.12 1336.50 1338.73 1340.85 1342.94 1345.03 1347.15
1311.57 1310.14 1308.71 1307.27 1305.80 1304.30 1302.80 1301.31 1299.87 1298.49 1297.16 1295.82 1294.37 1292.75 1290.98 1289.10 1287.20 1285.35 1283.63 1282.06 1280.67 1279.48 1278.51 1277.81 1277.38 1277.14 1277.06 1277.10 1277.23 1277.42 1277.66 1277.99 1278.56 1279.48 1280.78 1282.42 1284.31 1286.33 1288.39 1290.43 1292.43 1294.38 1296.25 1298.01 1299.72 1301.43 1303.21 1305.09 1307.07 1309.12 1311.25 1313.43 1315.65 1317.93 1320.30 1322.82 1325.49 1328.25 1330.98 1333.61 1336.10 1338.44 1340.64 1342.75 1344.81 1346.86 1348.93
1313.02 1311.55 1310.10 1308.64 1307.18 1305.72 1304.26 1302.84 1301.45 1300.12 1298.82 1297.48 1296.04 1294.45 1292.75 1290.96 1289.12 1287.29 1285.53 1283.89 1282.40 1281.06 1279.91 1279.03 1278.45 1278.12 1277.98 1278.00 1278.14 1278.36 1278.65 1279.05 1279.68 1280.67 1282.06 1283.81 1285.81 1287.91 1290.02 1292.05 1294.01 1295.87 1297.66 1299.42 1301.21 1303.06 1304.98 1306.94 1308.92 1310.94 1313.00 1315.14 1317.36 1319.69 1322.15 1324.77 1327.51 1330.29 1333.01 1335.61 1338.07 1340.39 1342.60 1344.71 1346.76 1348.79 1350.84
1314.47 1313.00 1311.51 1310.02 1308.54 1307.10 1305.69 1304.31 1302.99 1301.72 1300.46 1299.14 1297.70 1296.15 1294.52 1292.82 1291.07 1289.29 1287.55 1285.91 1284.35 1282.86 1281.51 1280.40 1279.63 1279.20 1279.02 1279.04 1279.21 1279.49 1279.86 1280.34 1281.04 1282.10 1283.56 1285.36 1287.38 1289.50 1291.59 1293.59 1295.46 1297.23 1298.96 1300.75 1302.66 1304.69 1306.76 1308.81 1310.81 1312.80 1314.81 1316.92 1319.17 1321.59 1324.17 1326.87 1329.62 1332.35 1335.00 1337.53 1339.97 1342.31 1344.56 1346.70 1348.76 1350.79 1352.85
1315.92 1314.46 1312.96 1311.45 1309.95 1308.50 1307.11 1305.79 1304.53 1303.33 1302.12 1300.82 1299.41 1297.90 1296.34 1294.72 1293.04 1291.32 1289.64 1288.02 1286.44 1284.85 1283.33 1282.03 1281.10 1280.55 1280.33 1280.36 1280.58 1280.92 1281.37 1281.94 1282.74 1283.85 1285.33 1287.10 1289.08 1291.14 1293.17 1295.08 1296.85 1298.52 1300.22 1302.05 1304.07 1306.24 1308.43 1310.57 1312.61 1314.60 1316.60 1318.74 1321.07 1323.61 1326.31 1329.07 1331.81 1334.46 1337.01 1339.47 1341.88 1344.25 1346.55 1348.73 1350.81 1352.86 1354.96
1317.35 1315.91 1314.44 1312.93 1311.42 1309.95 1308.56 1307.27 1306.08 1304.95 1303.80 1302.53 1301.15 1299.70 1298.22 1296.68 1295.06 1293.38 1291.75 1290.17 1288.59 1286.97 1285.37 1283.97 1282.94 1282.31 1282.03 1282.05 1282.29 1282.69 1283.20 1283.85 1284.72 1285.87 1287.32 1289.03 1290.91 1292.86 1294.78 1296.57 1298.25 1299.87 1301.57 1303.44 1305.52 1307.74 1309.99 1312.18 1314.26 1316.29 1318.36 1320.59 1323.07 1325.76 1328.56 1331.37 1334.09 1336.68 1339.14 1341.54 1343.93 1346.32 1348.65 1350.85 1352.95 1355.04 1357.21
1318.75 1317.35 1315.91 1314.42 1312.90 1311.41 1310.01 1308.74 1307.61 1306.55 1305.44 1304.21 1302.87 1301.49 1300.09 1298.64 1297.09 1295.46 1293.86 1292.30 1290.73 1289.12 1287.55 1286.16 1285.11 1284.42 1284.08 1284.05 1284.28 1284.68 1285.23 1285.92 1286.83 1288.00 1289.41 1291.03 1292.80 1294.62 1296.40 1298.09 1299.72 1301.36 1303.11 1305.03 1307.11 1309.31 1311.53 1313.70 1315.80 1317.90 1320.12 1322.55 1325.21 1328.04 1330.92 1333.74 1336.44 1339.00 1341.45 1343.83 1346.21 1348.60 1350.92 1353.11 1355.21 1357.33 1359.60
