MtW18000.grd
ncols 800 
nrows 10
xllcorner 0.0
yllcorner 0.0
cellsize 10.0
[rows 0 to 9 of 10, columns 335 to 401 of 800]
1119.06 1118.21 1117.34 1116.41 1115.42 1114.44 1113.48 1112.53 1111.56 1110.56 1109.51 1108.48 1107.48 1106.54 1105.62 1104.72 1103.82 1102.97 1102.21 1101.56 1101.05 1100.66 1100.38 1100.16 1099.95 1099.78 1099.68 1099.68 1099.78 1099.94 1100.13 1100.29 1100.39 1100.43 1100.45 1100.47 1100.55 1100.70 1100.91 1101.17 1101.52 1102.00 1102.65 1103.45 1104.35 1105.33 1106.36 1107.42 1108.48 1109.54 1110.58 1111.60 1112.60 1113.58 1114.55 1115.52 1116.50 1117.51 1118.64 1120.01 1121.70 1123.72 1125.98 1128.37 1130.81 1133.22 1135.57
1119.44 1118.62 1117.76 1116.83 1115.84 1114.84 1113.86 1112.91 1111.93 1110.90 1109.82 1108.76 1107.75 1106.82 1105.93 1105.05 1104.16 1103.32 1102.56 1101.90 1101.37 1100.96 1100.65 1100.38 1100.11 1099.87 1099.70 1099.66 1099.76 1099.97 1100.21 1100.42 1100.56 1100.64 1100.69 1100.78 1100.94 1101.18 1101.48 1101.82 1102.22 1102.76 1103.46 1104.30 1105.23 1106.20 1107.20 1108.23 1109.26 1110.28 1111.30 1112.29 1113.25 1114.17 1115.09 1116.01 1116.94 1117.91 1119.02 1120.39 1122.09 1124.11 1126.36 1128.73 1131.13 1133.50 1135.79
1120.21 1119.40 1118.55 1117.61 1116.59 1115.56 1114.57 1113.60 1112.59 1111.52 1110.40 1109.29 1108.27 1107.36 1106.51 1105.67 1104.81 1103.98 1103.22 1102.55 1101.99 1101.56 1101.23 1100.91 1100.56 1100.19 1099.90 1099.77 1099.84 1100.07 1100.38 1100.67 1100.90 1101.06 1101.21 1101.42 1101.73 1102.14 1102.59 1103.03 1103.52 1104.13 1104.90 1105.79 1106.74 1107.70 1108.65 1109.61 1110.58 1111.55 1112.52 1113.46 1114.35 1115.19 1116.01 1116.85 1117.71 1118.65 1119.76 1121.15 1122.86 1124.87 1127.06 1129.36 1131.68 1133.95 1136.15
1121.36 1120.54 1119.67 1118.70 1117.64 1116.58 1115.56 1114.56 1113.51 1112.40 1111.23 1110.09 1109.07 1108.19 1107.39 1106.59 1105.77 1104.96 1104.20 1103.51 1102.94 1102.52 1102.19 1101.85 1101.43 1100.93 1100.48 1100.20 1100.17 1100.39 1100.75 1101.15 1101.50 1101.81 1102.13 1102.52 1103.02 1103.61 1104.21 1104.77 1105.35 1106.03 1106.86 1107.79 1108.73 1109.65 1110.53 1111.40 1112.28 1113.17 1114.07 1114.94 1115.76 1116.50 1117.22 1117.96 1118.77 1119.71 1120.87 1122.31 1124.04 1125.99 1128.06 1130.21 1132.38 1134.51 1136.56
1122.76 1121.90 1120.96 1119.93 1118.83 1117.74 1116.68 1115.64 1114.57 1113.43 1112.25 1111.11 1110.10 1109.24 1108.47 1107.71 1106.92 1106.13 1105.39 1104.73 1104.19 1103.79 1103.50 1103.17 1102.71 1102.13 1101.54 1101.09 1100.92 1101.06 1101.44 1101.94 1102.46 1102.97 1103.48 1104.04 1104.69 1105.40 1106.10 1106.75 1107.41 1108.15 1109.01 1109.93 1110.83 1111.67 1112.46 1113.24 1114.02 1114.83 1115.65 1116.45 1117.18 1117.85 1118.48 1119.15 1119.95 1120.95 1122.21 1123.75 1125.49 1127.35 1129.26 1131.20 1133.16 1135.09 1136.96
1124.26 1123.32 1122.31 1121.20 1120.06 1118.94 1117.85 1116.78 1115.69 1114.57 1113.42 1112.30 1111.30 1110.43 1109.66 1108.92 1108.17 1107.43 1106.75 1106.16 1105.69 1105.34 1105.06 1104.73 1104.27 1103.66 1102.98 1102.43 1102.14 1102.20 1102.58 1103.18 1103.86 1104.55 1105.22 1105.89 1106.61 1107.36 1108.10 1108.80 1109.52 1110.31 1111.18 1112.06 1112.88 1113.62 1114.31 1114.99 1115.69 1116.42 1117.16 1117.88 1118.55 1119.17 1119.75 1120.40 1121.20 1122.27 1123.65 1125.28 1127.05 1128.82 1130.57 1132.29 1134.00 1135.69 1137.36
1125.74 1124.72 1123.62 1122.45 1121.28 1120.12 1119.00 1117.91 1116.84 1115.75 1114.65 1113.57 1112.57 1111.68 1110.90 1110.17 1109.46 1108.80 1108.22 1107.73 1107.35 1107.03 1106.74 1106.40 1105.93 1105.33 1104.66 1104.08 1103.75 1103.78 1104.18 1104.84 1105.65 1106.46 1107.23 1107.95 1108.66 1109.39 1110.12 1110.86 1111.63 1112.46 1113.31 1114.11 1114.83 1115.46 1116.05 1116.66 1117.29 1117.95 1118.62 1119.28 1119.91 1120.50 1121.07 1121.70 1122.50 1123.61 1125.06 1126.76 1128.53 1130.25 1131.86 1133.39 1134.88 1136.33 1137.78
1127.11 1126.01 1124.84 1123.64 1122.43 1121.26 1120.12 1119.02 1117.95 1116.90 1115.84 1114.79 1113.79 1112.90 1112.11 1111.40 1110.76 1110.18 1109.69 1109.32 1109.02 1108.73 1108.41 1108.04 1107.58 1107.03 1106.44 1105.93 1105.64 1105.70 1106.12 1106.82 1107.69 1108.57 1109.37 1110.09 1110.77 1111.47 1112.19 1112.94 1113.72 1114.54 1115.34 1116.06 1116.67 1117.22 1117.75 1118.31 1118.90 1119.52 1120.13 1120.72 1121.32 1121.90 1122.47 1123.07 1123.85 1124.94 1126.38 1128.08 1129.84 1131.50 1133.01 1134.39 1135.68 1136.92 1138.17
1128.33 1127.16 1125.95 1124.72 1123.51 1122.32 1121.17 1120.07 1119.01 1117.97 1116.92 1115.89 1114.91 1114.03 1113.26 1112.60 1112.01 1111.49 1111.09 1110.79 1110.55 1110.29 1109.97 1109.59 1109.17 1108.72 1108.25 1107.86 1107.67 1107.79 1108.24 1108.95 1109.82 1110.72 1111.54 1112.25 1112.90 1113.56 1114.25 1114.97 1115.72 1116.49 1117.22 1117.88 1118.45 1118.96 1119.47 1120.02 1120.60 1121.17 1121.72 1122.26 1122.81 1123.37 1123.92 1124.49 1125.21 1126.24 1127.63 1129.26 1130.94 1132.51 1133.90 1135.15 1136.28 1137.36 1138.45
1129.40 1128.18 1126.93 1125.70 1124.50 1123.32 1122.18 1121.07 1120.01 1118.97 1117.93 1116.91 1115.95 1115.10 1114.37 1113.74 1113.19 1112.72 1112.35 1112.09 1111.89 1111.65 1111.36 1111.03 1110.70 1110.38 1110.06 1109.82 1109.75 1109.94 1110.42 1111.12 1111.95 1112.83 1113.63 1114.34 1114.97 1115.58 1116.22 1116.89 1117.58 1118.28 1118.98 1119.63 1120.22 1120.75 1121.27 1121.82 1122.38 1122.92 1123.41 1123.88 1124.37 1124.88 1125.38 1125.90 1126.55 1127.50 1128.79 1130.29 1131.83 1133.26 1134.52 1135.63 1136.65 1137.61 1138.61
