MtW180000.grd
ncols 800 
nrows 100
xllcorner 0.0
yllcorner 0.0
cellsize 10.0
[rows 58 to 86 of 100, columns 603 to 669 of 800]
1320.14 1318.75 1317.34 1315.87 1314.36 1312.86 1311.46 1310.21 1309.12 1308.09 1307.00 1305.80 1304.51 1303.20 1301.89 1300.53 1299.07 1297.52 1295.96 1294.42 1292.86 1291.27 1289.76 1288.44 1287.42 1286.70 1286.29 1286.20 1286.38 1286.75 1287.28 1287.98 1288.91 1290.08 1291.46 1293.00 1294.66 1296.36 1298.04 1299.67 1301.31 1303.03 1304.87 1306.84 1308.92 1311.04 1313.15 1315.24 1317.33 1319.54 1321.96 1324.61 1327.46 1330.40 1333.30 1336.11 1338.81 1341.39 1343.87 1346.29 1348.69 1351.05 1353.33 1355.48 1357.57 1359.76 1362.16
1321.53 1320.13 1318.72 1317.26 1315.76 1314.29 1312.92 1311.71 1310.64 1309.61 1308.50 1307.30 1306.04 1304.78 1303.55 1302.28 1300.93 1299.49 1298.01 1296.51 1294.96 1293.40 1291.95 1290.70 1289.70 1288.95 1288.49 1288.33 1288.46 1288.78 1289.27 1289.95 1290.89 1292.05 1293.38 1294.85 1296.43 1298.08 1299.73 1301.37 1303.06 1304.86 1306.79 1308.80 1310.85 1312.88 1314.86 1316.84 1318.94 1321.28 1323.90 1326.76 1329.74 1332.70 1335.58 1338.38 1341.11 1343.76 1346.34 1348.83 1351.26 1353.60 1355.82 1357.92 1360.04 1362.33 1364.87
1322.90 1321.50 1320.07 1318.62 1317.15 1315.72 1314.42 1313.28 1312.22 1311.14 1309.97 1308.73 1307.47 1306.25 1305.07 1303.88 1302.64 1301.33 1299.95 1298.51 1297.01 1295.50 1294.09 1292.88 1291.88 1291.10 1290.59 1290.39 1290.47 1290.75 1291.21 1291.89 1292.79 1293.91 1295.18 1296.60 1298.17 1299.85 1301.56 1303.27 1305.02 1306.85 1308.80 1310.81 1312.81 1314.75 1316.63 1318.57 1320.73 1323.21 1326.00 1328.98 1331.98 1334.91 1337.74 1340.55 1343.34 1346.11 1348.79 1351.37 1353.84 1356.17 1358.35 1360.45 1362.62 1365.02 1367.66
1324.29 1322.88 1321.45 1320.00 1318.57 1317.21 1315.99 1314.90 1313.83 1312.70 1311.45 1310.15 1308.86 1307.64 1306.49 1305.37 1304.22 1303.00 1301.72 1300.37 1298.96 1297.55 1296.21 1295.01 1293.97 1293.14 1292.58 1292.35 1292.41 1292.69 1293.15 1293.81 1294.68 1295.72 1296.94 1298.36 1300.00 1301.78 1303.61 1305.40 1307.17 1308.99 1310.88 1312.84 1314.77 1316.65 1318.52 1320.52 1322.81 1325.43 1328.32 1331.31 1334.25 1337.10 1339.91 1342.74 1345.62 1348.49 1351.27 1353.91 1356.42 1358.77 1360.98 1363.12 1365.34 1367.78 1370.42
1325.70 1324.31 1322.89 1321.47 1320.06 1318.76 1317.59 1316.53 1315.45 1314.26 1312.95 1311.58 1310.24 1309.00 1307.87 1306.79 1305.70 1304.54 1303.33 1302.07 1300.80 1299.53 1298.29 1297.11 1296.02 1295.11 1294.49 1294.22 1294.27 1294.56 1295.05 1295.72 1296.56 1297.57 1298.78 1300.25 1301.99 1303.90 1305.82 1307.67 1309.44 1311.21 1313.04 1314.93 1316.82 1318.70 1320.63 1322.78 1325.22 1327.96 1330.87 1333.79 1336.65 1339.44 1342.26 1345.14 1348.08 1350.99 1353.80 1356.49 1359.05 1361.48 1363.77 1365.96 1368.17 1370.53 1373.06
1327.14 1325.78 1324.41 1323.03 1321.65 1320.37 1319.21 1318.13 1317.01 1315.78 1314.44 1313.03 1311.66 1310.38 1309.23 1308.16 1307.10 1305.98 1304.83 1303.67 1302.55 1301.45 1300.33 1299.18 1298.03 1297.03 1296.32 1295.99 1296.03 1296.36 1296.90 1297.61 1298.48 1299.52 1300.80 1302.36 1304.18 1306.15 1308.12 1309.97 1311.73 1313.46 1315.25 1317.12 1319.04 1320.99 1323.06 1325.36 1327.93 1330.72 1333.58 1336.41 1339.20 1342.00 1344.87 1347.80 1350.74 1353.63 1356.42 1359.13 1361.78 1364.33 1366.71 1368.92 1371.05 1373.23 1375.55
1328.57 1327.26 1325.96 1324.64 1323.31 1322.03 1320.84 1319.69 1318.52 1317.26 1315.90 1314.49 1313.10 1311.79 1310.60 1309.51 1308.46 1307.38 1306.29 1305.24 1304.25 1303.31 1302.32 1301.21 1300.03 1298.93 1298.12 1297.72 1297.74 1298.11 1298.74 1299.55 1300.52 1301.67 1303.04 1304.68 1306.53 1308.48 1310.41 1312.24 1313.97 1315.69 1317.48 1319.41 1321.44 1323.53 1325.74 1328.16 1330.79 1333.55 1336.34 1339.12 1341.91 1344.77 1347.68 1350.62 1353.52 1356.35 1359.12 1361.88 1364.62 1367.28 1369.72 1371.89 1373.87 1375.84 1377.93
1330.00 1328.73 1327.50 1326.25 1324.98 1323.71 1322.47 1321.25 1320.00 1318.70 1317.34 1315.94 1314.55 1313.22 1312.00 1310.88 1309.83 1308.79 1307.77 1306.82 1305.95 1305.13 1304.25 1303.19 1302.00 1300.85 1299.95 1299.49 1299.51 1299.94 1300.69 1301.66 1302.77 1304.04 1305.50 1307.15 1308.95 1310.82 1312.67 1314.46 1316.18 1317.91 1319.77 1321.80 1323.96 1326.21 1328.54 1331.02 1333.64 1336.35 1339.10 1341.89 1344.74 1347.65 1350.59 1353.49 1356.32 1359.10 1361.89 1364.71 1367.54 1370.24 1372.66 1374.73 1376.55 1378.32 1380.21
1331.42 1330.18 1329.00 1327.82 1326.62 1325.37 1324.10 1322.80 1321.47 1320.12 1318.75 1317.37 1316.00 1314.67 1313.42 1312.28 1311.22 1310.23 1309.30 1308.45 1307.68 1306.95 1306.13 1305.14 1303.98 1302.83 1301.91 1301.43 1301.48 1302.01 1302.89 1304.00 1305.24 1306.59 1308.05 1309.66 1311.37 1313.15 1314.93 1316.70 1318.43 1320.20 1322.12 1324.25 1326.54 1328.90 1331.32 1333.83 1336.43 1339.11 1341.87 1344.71 1347.63 1350.57 1353.48 1356.31 1359.09 1361.89 1364.73 1367.61 1370.45 1373.10 1375.41 1377.35 1379.03 1380.65 1382.37
1332.91 1331.68 1330.51 1329.36 1328.19 1326.97 1325.68 1324.33 1322.93 1321.53 1320.14 1318.77 1317.42 1316.10 1314.84 1313.69 1312.65 1311.72 1310.89 1310.15 1309.46 1308.78 1308.00 1307.07 1305.99 1304.91 1304.04 1303.60 1303.72 1304.35 1305.34 1306.54 1307.82 1309.17 1310.60 1312.14 1313.76 1315.45 1317.21 1318.99 1320.77 1322.60 1324.57 1326.75 1329.10 1331.54 1334.02 1336.55 1339.15 1341.85 1344.66 1347.57 1350.52 1353.44 1356.29 1359.09 1361.88 1364.73 1367.62 1370.50 1373.25 1375.75 1377.92 1379.74 1381.32 1382.84 1384.40
1334.49 1333.27 1332.08 1330.91 1329.73 1328.48 1327.16 1325.78 1324.36 1322.93 1321.53 1320.15 1318.80 1317.48 1316.23 1315.09 1314.09 1313.24 1312.51 1311.86 1311.23 1310.58 1309.85 1309.00 1308.05 1307.09 1306.33 1305.98 1306.17 1306.86 1307.91 1309.11 1310.38 1311.69 1313.06 1314.53 1316.09 1317.75 1319.52 1321.37 1323.24 1325.12 1327.10 1329.26 1331.62 1334.11 1336.66 1339.25 1341.90 1344.64 1347.47 1350.38 1353.32 1356.21 1359.04 1361.87 1364.72 1367.62 1370.50 1373.28 1375.86 1378.18 1380.21 1381.94 1383.46 1384.90 1386.35
1336.14 1334.93 1333.73 1332.51 1331.26 1329.95 1328.58 1327.16 1325.73 1324.31 1322.91 1321.52 1320.16 1318.84 1317.60 1316.48 1315.52 1314.74 1314.08 1313.49 1312.90 1312.29 1311.64 1310.93 1310.15 1309.36 1308.72 1308.45 1308.69 1309.41 1310.44 1311.60 1312.82 1314.08 1315.43 1316.88 1318.43 1320.10 1321.91 1323.85 1325.81 1327.74 1329.70 1331.81 1334.16 1336.70 1339.37 1342.09 1344.80 1347.52 1350.30 1353.14 1356.02 1358.91 1361.78 1364.68 1367.60 1370.49 1373.27 1375.88 1378.26 1380.41 1382.33 1384.00 1385.49 1386.87 1388.24
1337.81 1336.62 1335.40 1334.12 1332.80 1331.42 1329.99 1328.54 1327.10 1325.69 1324.29 1322.90 1321.54 1320.22 1318.99 1317.87 1316.93 1316.16 1315.53 1314.96 1314.40 1313.86 1313.34 1312.82 1312.25 1311.64 1311.12 1310.92 1311.18 1311.88 1312.86 1313.97 1315.14 1316.40 1317.77 1319.26 1320.85 1322.55 1324.42 1326.42 1328.45 1330.42 1332.37 1334.46 1336.82 1339.48 1342.32 1345.17 1347.91 1350.54 1353.17 1355.89 1358.71 1361.61 1364.55 1367.51 1370.43 1373.24 1375.86 1378.26 1380.47 1382.48 1384.31 1385.95 1387.42 1388.78 1390.11
1339.47 1338.28 1337.03 1335.72 1334.35 1332.91 1331.43 1329.95 1328.50 1327.09 1325.70 1324.33 1322.99 1321.69 1320.45 1319.32 1318.34 1317.54 1316.87 1316.27 1315.73 1315.30 1314.96 1314.65 1314.30 1313.87 1313.49 1313.35 1313.61 1314.26 1315.19 1316.27 1317.44 1318.73 1320.17 1321.74 1323.40 1325.14 1327.02 1329.04 1331.12 1333.14 1335.13 1337.26 1339.73 1342.55 1345.57 1348.50 1351.19 1353.68 1356.14 1358.75 1361.53 1364.42 1367.35 1370.27 1373.11 1375.78 1378.22 1380.46 1382.51 1384.41 1386.16 1387.77 1389.25 1390.62 1391.95
1341.11 1339.88 1338.59 1337.25 1335.86 1334.42 1332.92 1331.42 1329.94 1328.52 1327.14 1325.80 1324.51 1323.25 1322.02 1320.87 1319.83 1318.94 1318.18 1317.53 1317.02 1316.69 1316.51 1316.40 1316.25 1316.02 1315.79 1315.73 1316.01 1316.63 1317.53 1318.61 1319.82 1321.18 1322.69 1324.33 1326.04 1327.80 1329.68 1331.70 1333.81 1335.90 1338.00 1340.29 1342.92 1345.90 1349.01 1351.93 1354.52 1356.89 1359.27 1361.83 1364.55 1367.34 1370.15 1372.91 1375.59 1378.10 1380.40 1382.51 1384.43 1386.21 1387.88 1389.46 1390.96 1392.36 1393.70
1342.75 1341.45 1340.09 1338.72 1337.33 1335.90 1334.42 1332.91 1331.41 1329.96 1328.59 1327.31 1326.09 1324.90 1323.71 1322.55 1321.47 1320.49 1319.64 1318.93 1318.43 1318.16 1318.10 1318.13 1318.14 1318.10 1318.06 1318.14 1318.48 1319.11 1320.00 1321.09 1322.34 1323.75 1325.30 1326.97 1328.69 1330.45 1332.31 1334.33 1336.49 1338.71 1341.01 1343.51 1346.31 1349.37 1352.44 1355.26 1357.78 1360.15 1362.58 1365.15 1367.78 1370.37 1372.91 1375.43 1377.90 1380.25 1382.44 1384.43 1386.24 1387.92 1389.52 1391.08 1392.58 1393.99 1395.32
1344.41 1343.02 1341.59 1340.16 1338.76 1337.34 1335.88 1334.38 1332.87 1331.42 1330.08 1328.86 1327.73 1326.63 1325.52 1324.41 1323.33 1322.31 1321.39 1320.64 1320.14 1319.91 1319.89 1319.99 1320.12 1320.24 1320.38 1320.63 1321.07 1321.73 1322.62 1323.71 1324.96 1326.36 1327.90 1329.55 1331.25 1332.99 1334.84 1336.90 1339.16 1341.57 1344.11 1346.82 1349.73 1352.75 1355.70 1358.43 1360.97 1363.45 1366.01 1368.59 1371.08 1373.40 1375.62 1377.85 1380.10 1382.31 1384.38 1386.26 1387.97 1389.58 1391.15 1392.69 1394.17 1395.56 1396.89
1346.09 1344.61 1343.11 1341.62 1340.18 1338.76 1337.31 1335.82 1334.34 1332.91 1331.63 1330.49 1329.46 1328.46 1327.47 1326.45 1325.43 1324.42 1323.49 1322.74 1322.26 1322.05 1322.03 1322.14 1322.31 1322.53 1322.81 1323.21 1323.75 1324.45 1325.33 1326.39 1327.60 1328.96 1330.46 1332.05 1333.71 1335.43 1337.30 1339.42 1341.83 1344.45 1347.21 1350.07 1353.00 1355.92 1358.76 1361.48 1364.12 1366.77 1369.42 1371.97 1374.26 1376.30 1378.23 1380.20 1382.26 1384.31 1386.25 1388.02 1389.67 1391.26 1392.83 1394.36 1395.81 1397.18 1398.54
1347.77 1346.24 1344.67 1343.13 1341.63 1340.16 1338.71 1337.25 1335.81 1334.46 1333.25 1332.21 1331.29 1330.41 1329.54 1328.64 1327.71 1326.77 1325.89 1325.19 1324.74 1324.55 1324.53 1324.61 1324.76 1324.99 1325.33 1325.82 1326.44 1327.19 1328.05 1329.06 1330.23 1331.55 1332.99 1334.53 1336.14 1337.86 1339.78 1342.00 1344.54 1347.31 1350.20 1353.12 1356.02 1358.87 1361.67 1364.44 1367.21 1369.96 1372.63 1375.05 1377.14 1378.96 1380.69 1382.49 1384.39 1386.30 1388.12 1389.81 1391.43 1393.02 1394.60 1396.12 1397.55 1398.94 1400.39
1349.45 1347.88 1346.27 1344.67 1343.10 1341.59 1340.11 1338.67 1337.30 1336.04 1334.94 1334.00 1333.17 1332.41 1331.65 1330.87 1330.05 1329.20 1328.41 1327.79 1327.40 1327.23 1327.20 1327.24 1327.35 1327.55 1327.89 1328.41 1329.07 1329.85 1330.72 1331.72 1332.87 1334.16 1335.57 1337.08 1338.70 1340.48 1342.50 1344.81 1347.39 1350.18 1353.08 1356.01 1358.90 1361.74 1364.54 1367.35 1370.15 1372.90 1375.47 1377.74 1379.67 1381.36 1382.99 1384.70 1386.49 1388.29 1390.02 1391.66 1393.26 1394.85 1396.43 1397.96 1399.43 1400.90 1402.45
1351.12 1349.53 1347.89 1346.24 1344.62 1343.06 1341.57 1340.15 1338.84 1337.66 1336.65 1335.79 1335.05 1334.37 1333.71 1333.04 1332.34 1331.61 1330.92 1330.38 1330.05 1329.91 1329.87 1329.89 1329.96 1330.11 1330.42 1330.93 1331.61 1332.42 1333.33 1334.36 1335.54 1336.84 1338.26 1339.80 1341.51 1343.43 1345.56 1347.91 1350.43 1353.12 1355.96 1358.90 1361.82 1364.67 1367.44 1370.17 1372.88 1375.51 1377.94 1380.08 1381.92 1383.56 1385.15 1386.79 1388.51 1390.23 1391.90 1393.52 1395.10 1396.69 1398.30 1399.90 1401.46 1403.03 1404.68
1352.77 1351.18 1349.53 1347.86 1346.23 1344.65 1343.15 1341.75 1340.47 1339.34 1338.39 1337.59 1336.89 1336.26 1335.67 1335.10 1334.52 1333.92 1333.35 1332.90 1332.62 1332.50 1332.47 1332.48 1332.53 1332.66 1332.93 1333.41 1334.09 1334.93 1335.91 1337.03 1338.27 1339.63 1341.11 1342.74 1344.58 1346.65 1348.88 1351.21 1353.62 1356.20 1359.01 1361.99 1364.96 1367.77 1370.40 1372.93 1375.43 1377.88 1380.17 1382.21 1383.99 1385.60 1387.17 1388.78 1390.44 1392.09 1393.70 1395.28 1396.87 1398.51 1400.21 1401.93 1403.63 1405.30 1406.98
1354.39 1352.81 1351.19 1349.56 1347.96 1346.42 1344.93 1343.53 1342.26 1341.16 1340.23 1339.44 1338.75 1338.13 1337.57 1337.07 1336.60 1336.14 1335.69 1335.34 1335.12 1335.03 1335.01 1335.03 1335.10 1335.23 1335.48 1335.93 1336.59 1337.47 1338.54 1339.77 1341.13 1342.59 1344.14 1345.86 1347.79 1349.95 1352.22 1354.52 1356.86 1359.42 1362.27 1365.31 1368.27 1370.96 1373.35 1375.61 1377.85 1380.11 1382.26 1384.21 1385.94 1387.52 1389.09 1390.69 1392.28 1393.84 1395.36 1396.92 1398.57 1400.33 1402.18 1404.06 1405.89 1407.62 1409.31
1355.99 1354.43 1352.88 1351.34 1349.83 1348.36 1346.91 1345.52 1344.24 1343.13 1342.21 1341.41 1340.70 1340.05 1339.49 1339.02 1338.64 1338.30 1337.99 1337.74 1337.59 1337.53 1337.54 1337.60 1337.71 1337.89 1338.16 1338.59 1339.24 1340.16 1341.34 1342.70 1344.18 1345.72 1347.32 1349.05 1350.99 1353.15 1355.43 1357.74 1360.13 1362.75 1365.66 1368.70 1371.57 1374.05 1376.19 1378.18 1380.19 1382.26 1384.27 1386.11 1387.78 1389.37 1390.96 1392.55 1394.09 1395.54 1396.99 1398.56 1400.31 1402.24 1404.25 1406.25 1408.16 1409.93 1411.59
1357.61 1356.07 1354.58 1353.16 1351.78 1350.41 1349.02 1347.64 1346.36 1345.24 1344.31 1343.50 1342.77 1342.09 1341.51 1341.05 1340.72 1340.47 1340.28 1340.14 1340.06 1340.03 1340.07 1340.19 1340.39 1340.67 1341.01 1341.47 1342.15 1343.12 1344.38 1345.85 1347.40 1348.97 1350.54 1352.21 1354.10 1356.24 1358.57 1360.97 1363.46 1366.15 1369.04 1371.95 1374.61 1376.87 1378.79 1380.59 1382.43 1384.33 1386.18 1387.92 1389.56 1391.17 1392.80 1394.40 1395.89 1397.27 1398.71 1400.35 1402.25 1404.32 1406.43 1408.48 1410.40 1412.17 1413.80
1359.32 1357.75 1356.30 1354.98 1353.73 1352.47 1351.15 1349.80 1348.51 1347.39 1346.46 1345.65 1344.92 1344.24 1343.65 1343.20 1342.91 1342.74 1342.63 1342.56 1342.53 1342.54 1342.61 1342.80 1343.12 1343.53 1343.99 1344.54 1345.28 1346.31 1347.62 1349.12 1350.67 1352.19 1353.70 1355.30 1357.17 1359.36 1361.79 1364.32 1366.90 1369.55 1372.28 1374.93 1377.33 1379.38 1381.17 1382.85 1384.56 1386.32 1388.04 1389.68 1391.30 1392.94 1394.61 1396.21 1397.67 1399.07 1400.59 1402.38 1404.43 1406.59 1408.71 1410.72 1412.60 1414.33 1415.93
1361.16 1359.52 1358.07 1356.80 1355.63 1354.46 1353.21 1351.89 1350.61 1349.49 1348.56 1347.77 1347.07 1346.43 1345.88 1345.47 1345.23 1345.10 1345.05 1345.02 1345.01 1345.04 1345.15 1345.40 1345.82 1346.37 1346.98 1347.65 1348.48 1349.56 1350.87 1352.33 1353.82 1355.28 1356.76 1358.38 1360.31 1362.61 1365.18 1367.81 1370.37 1372.87 1375.31 1377.64 1379.77 1381.66 1383.36 1384.99 1386.62 1388.26 1389.87 1391.45 1393.04 1394.70 1396.38 1397.99 1399.49 1400.98 1402.65 1404.60 1406.77 1408.98 1411.06 1412.99 1414.78 1416.46 1418.02
1363.16 1361.45 1359.96 1358.68 1357.54 1356.40 1355.17 1353.88 1352.62 1351.51 1350.60 1349.84 1349.18 1348.61 1348.14 1347.81 1347.62 1347.54 1347.51 1347.50 1347.50 1347.54 1347.66 1347.95 1348.44 1349.09 1349.84 1350.64 1351.57 1352.69 1353.98 1355.39 1356.83 1358.30 1359.83 1361.57 1363.62 1366.03 1368.66 1371.27 1373.71 1375.98 1378.12 1380.15 1382.04 1383.79 1385.43 1387.01 1388.60 1390.17 1391.71 1393.22 1394.78 1396.44 1398.15 1399.83 1401.44 1403.07 1404.88 1406.95 1409.18 1411.38 1413.40 1415.24 1416.96 1418.58 1420.12
1365.31 1363.58 1362.05 1360.73 1359.53 1358.34 1357.10 1355.81 1354.59 1353.52 1352.63 1351.89 1351.27 1350.77 1350.40 1350.16 1350.03 1349.98 1349.96 1349.96 1349.97 1350.01 1350.15 1350.45 1350.97 1351.68 1352.51 1353.43 1354.46 1355.63 1356.94 1358.35 1359.83 1361.39 1363.07 1364.95 1367.10 1369.51 1372.04 1374.50 1376.77 1378.82 1380.72 1382.50 1384.20 1385.83 1387.40 1388.96 1390.51 1392.03 1393.50 1394.97 1396.52 1398.22 1400.03 1401.86 1403.63 1405.39 1407.27 1409.37 1411.57 1413.71 1415.65 1417.42 1419.10 1420.72 1422.27
