MtW18000.grd
ncols 800 
nrows 10
xllcorner 0.0
yllcorner 0.0
cellsize 10.0
[rows 0 to 9 of 10, columns 670 to 736 of 800]
1261.81 1262.89 1263.83 1264.69 1265.51 1266.33 1267.18 1268.06 1268.96 1269.86 1270.74 1271.61 1272.48 1273.36 1274.23 1275.09 1275.94 1276.78 1277.63 1278.49 1279.32 1280.04 1280.58 1280.93 1281.11 1281.20 1281.25 1281.29 1281.34 1281.36 1281.36 1281.33 1281.29 1281.25 1281.23 1281.22 1281.21 1281.21 1281.20 1281.19 1281.15 1281.05 1280.89 1280.70 1280.54 1280.45 1280.41 1280.41 1280.43 1280.42 1280.36 1280.25 1280.09 1279.93 1279.82 1279.78 1279.87 1280.16 1280.79 1281.90 1283.52 1285.56 1287.85 1290.22 1292.59 1294.93 1297.24
1262.59 1263.70 1264.64 1265.48 1266.27 1267.07 1267.91 1268.79 1269.69 1270.59 1271.46 1272.32 1273.18 1274.05 1274.92 1275.78 1276.61 1277.45 1278.32 1279.20 1280.05 1280.77 1281.32 1281.66 1281.84 1281.93 1282.00 1282.07 1282.13 1282.16 1282.16 1282.11 1282.05 1281.99 1281.96 1281.93 1281.92 1281.91 1281.90 1281.88 1281.82 1281.69 1281.47 1281.22 1280.99 1280.84 1280.75 1280.70 1280.66 1280.62 1280.52 1280.36 1280.17 1279.99 1279.88 1279.89 1280.04 1280.44 1281.20 1282.44 1284.18 1286.28 1288.59 1290.94 1293.26 1295.53 1297.80
1263.96 1265.10 1266.06 1266.88 1267.63 1268.38 1269.19 1270.07 1270.98 1271.87 1272.72 1273.56 1274.41 1275.28 1276.14 1276.99 1277.83 1278.69 1279.58 1280.49 1281.36 1282.11 1282.66 1283.00 1283.19 1283.31 1283.41 1283.53 1283.62 1283.66 1283.63 1283.56 1283.47 1283.39 1283.32 1283.28 1283.24 1283.21 1283.18 1283.15 1283.06 1282.88 1282.60 1282.25 1281.93 1281.67 1281.47 1281.31 1281.18 1281.04 1280.86 1280.64 1280.40 1280.23 1280.18 1280.29 1280.58 1281.14 1282.07 1283.48 1285.34 1287.52 1289.82 1292.12 1294.36 1296.53 1298.72
1265.72 1266.92 1267.92 1268.74 1269.45 1270.15 1270.91 1271.77 1272.67 1273.55 1274.38 1275.20 1276.05 1276.93 1277.81 1278.67 1279.53 1280.41 1281.34 1282.28 1283.17 1283.93 1284.49 1284.86 1285.09 1285.27 1285.45 1285.62 1285.74 1285.78 1285.73 1285.63 1285.51 1285.40 1285.31 1285.23 1285.15 1285.07 1284.99 1284.92 1284.81 1284.59 1284.25 1283.83 1283.42 1283.05 1282.71 1282.38 1282.08 1281.79 1281.50 1281.20 1280.96 1280.86 1280.95 1281.24 1281.73 1282.45 1283.53 1285.03 1286.93 1289.09 1291.35 1293.57 1295.69 1297.78 1299.90
1267.51 1268.78 1269.84 1270.71 1271.42 1272.07 1272.78 1273.59 1274.45 1275.30 1276.11 1276.94 1277.82 1278.76 1279.69 1280.58 1281.46 1282.37 1283.32 1284.26 1285.14 1285.89 1286.48 1286.90 1287.22 1287.50 1287.77 1288.01 1288.15 1288.17 1288.09 1287.97 1287.84 1287.72 1287.61 1287.49 1287.34 1287.17 1287.02 1286.89 1286.75 1286.53 1286.19 1285.77 1285.31 1284.84 1284.37 1283.89 1283.42 1282.97 1282.55 1282.20 1282.00 1282.02 1282.31 1282.81 1283.48 1284.32 1285.41 1286.85 1288.64 1290.69 1292.84 1294.96 1296.99 1299.01 1301.10
1269.19 1270.51 1271.66 1272.58 1273.31 1273.95 1274.61 1275.36 1276.18 1277.00 1277.82 1278.70 1279.66 1280.68 1281.67 1282.60 1283.49 1284.39 1285.31 1286.21 1287.05 1287.79 1288.41 1288.92 1289.35 1289.74 1290.11 1290.42 1290.60 1290.61 1290.50 1290.37 1290.25 1290.14 1290.01 1289.84 1289.61 1289.34 1289.08 1288.88 1288.72 1288.53 1288.25 1287.88 1287.42 1286.91 1286.34 1285.74 1285.14 1284.57 1284.06 1283.68 1283.53 1283.69 1284.15 1284.83 1285.63 1286.50 1287.51 1288.78 1290.38 1292.24 1294.24 1296.23 1298.19 1300.17 1302.28
1270.76 1272.12 1273.32 1274.29 1275.05 1275.69 1276.34 1277.06 1277.85 1278.68 1279.55 1280.51 1281.56 1282.66 1283.70 1284.63 1285.49 1286.33 1287.19 1288.03 1288.84 1289.59 1290.26 1290.85 1291.39 1291.88 1292.35 1292.72 1292.92 1292.94 1292.84 1292.72 1292.61 1292.50 1292.37 1292.16 1291.85 1291.48 1291.14 1290.88 1290.72 1290.57 1290.38 1290.08 1289.65 1289.09 1288.46 1287.79 1287.13 1286.50 1285.95 1285.56 1285.43 1285.64 1286.19 1286.97 1287.84 1288.72 1289.64 1290.75 1292.13 1293.79 1295.59 1297.43 1299.31 1301.29 1303.43
1272.30 1273.66 1274.85 1275.83 1276.61 1277.31 1278.00 1278.74 1279.55 1280.43 1281.38 1282.41 1283.51 1284.63 1285.66 1286.57 1287.38 1288.17 1288.97 1289.78 1290.59 1291.37 1292.10 1292.75 1293.34 1293.89 1294.41 1294.82 1295.05 1295.09 1295.02 1294.92 1294.83 1294.74 1294.58 1294.33 1293.97 1293.55 1293.18 1292.91 1292.76 1292.67 1292.55 1292.31 1291.90 1291.32 1290.63 1289.91 1289.23 1288.60 1288.05 1287.64 1287.47 1287.64 1288.17 1288.97 1289.87 1290.76 1291.65 1292.66 1293.88 1295.33 1296.92 1298.61 1300.42 1302.41 1304.60
1273.83 1275.14 1276.30 1277.27 1278.10 1278.87 1279.66 1280.48 1281.36 1282.30 1283.30 1284.35 1285.43 1286.50 1287.50 1288.38 1289.18 1289.95 1290.74 1291.56 1292.40 1293.23 1293.98 1294.63 1295.21 1295.75 1296.27 1296.69 1296.95 1297.03 1297.00 1296.94 1296.88 1296.78 1296.62 1296.34 1295.96 1295.54 1295.19 1294.95 1294.83 1294.77 1294.70 1294.50 1294.10 1293.49 1292.75 1292.01 1291.33 1290.73 1290.20 1289.77 1289.53 1289.58 1290.00 1290.73 1291.61 1292.51 1293.41 1294.38 1295.48 1296.75 1298.16 1299.73 1301.51 1303.53 1305.77
1275.34 1276.58 1277.71 1278.70 1279.60 1280.49 1281.39 1282.32 1283.27 1284.24 1285.24 1286.24 1287.25 1288.25 1289.21 1290.10 1290.94 1291.75 1292.58 1293.43 1294.28 1295.11 1295.83 1296.44 1296.96 1297.47 1297.96 1298.39 1298.68 1298.82 1298.85 1298.83 1298.79 1298.71 1298.54 1298.25 1297.88 1297.50 1297.18 1296.97 1296.87 1296.81 1296.74 1296.54 1296.14 1295.52 1294.77 1294.03 1293.38 1292.82 1292.33 1291.88 1291.55 1291.47 1291.74 1292.33 1293.12 1293.98 1294.85 1295.78 1296.79 1297.93 1299.23 1300.76 1302.57 1304.66 1306.96
