MtW180000.grd
ncols 800 
nrows 100
xllcorner 0.0
yllcorner 0.0
cellsize 10.0
[rows 29 to 57 of 100, columns 201 to 267 of 800]
1346.69 1345.56 1344.45 1343.33 1342.20 1341.04 1339.87 1338.71 1337.56 1336.43 1335.31 1334.18 1333.03 1331.83 1330.58 1329.28 1327.95 1326.63 1325.33 1324.04 1322.74 1321.41 1320.03 1318.61 1317.18 1315.74 1314.33 1312.96 1311.62 1310.29 1308.96 1307.60 1306.23 1304.85 1303.48 1302.08 1300.65 1299.16 1297.62 1296.03 1294.43 1292.83 1291.22 1289.60 1287.99 1286.42 1284.89 1283.39 1281.87 1280.27 1278.54 1276.74 1274.95 1273.30 1271.78 1270.28 1268.63 1266.72 1264.64 1262.54 1260.55 1258.74 1257.09 1255.54 1254.04 1252.59 1251.20
1347.52 1346.41 1345.32 1344.23 1343.12 1342.00 1340.87 1339.73 1338.58 1337.42 1336.24 1335.05 1333.85 1332.62 1331.35 1330.03 1328.67 1327.32 1325.98 1324.66 1323.34 1322.00 1320.61 1319.19 1317.75 1316.31 1314.92 1313.56 1312.24 1310.92 1309.59 1308.22 1306.84 1305.48 1304.13 1302.78 1301.39 1299.94 1298.43 1296.87 1295.30 1293.74 1292.16 1290.57 1288.96 1287.37 1285.84 1284.37 1282.92 1281.42 1279.80 1278.10 1276.42 1274.85 1273.37 1271.85 1270.16 1268.22 1266.11 1264.00 1262.01 1260.21 1258.57 1257.05 1255.58 1254.16 1252.81
1348.31 1347.20 1346.11 1345.03 1343.94 1342.84 1341.74 1340.64 1339.51 1338.33 1337.10 1335.86 1334.59 1333.32 1332.01 1330.68 1329.32 1327.96 1326.60 1325.25 1323.90 1322.53 1321.14 1319.72 1318.28 1316.86 1315.48 1314.15 1312.84 1311.54 1310.20 1308.84 1307.47 1306.12 1304.79 1303.48 1302.13 1300.72 1299.25 1297.74 1296.21 1294.70 1293.18 1291.63 1290.04 1288.45 1286.91 1285.44 1284.03 1282.60 1281.09 1279.53 1277.98 1276.51 1275.06 1273.52 1271.78 1269.81 1267.72 1265.63 1263.64 1261.80 1260.13 1258.58 1257.10 1255.71 1254.43
1349.03 1347.92 1346.82 1345.73 1344.64 1343.55 1342.47 1341.40 1340.30 1339.13 1337.89 1336.59 1335.28 1333.95 1332.61 1331.26 1329.91 1328.54 1327.16 1325.79 1324.41 1323.04 1321.64 1320.23 1318.82 1317.42 1316.06 1314.74 1313.45 1312.16 1310.84 1309.50 1308.15 1306.81 1305.51 1304.22 1302.90 1301.54 1300.12 1298.65 1297.19 1295.73 1294.27 1292.77 1291.21 1289.61 1288.03 1286.54 1285.12 1283.73 1282.33 1280.93 1279.56 1278.21 1276.82 1275.27 1273.49 1271.53 1269.47 1267.41 1265.42 1263.54 1261.80 1260.19 1258.70 1257.34 1256.12
1349.67 1348.56 1347.46 1346.36 1345.26 1344.16 1343.09 1342.04 1340.97 1339.83 1338.59 1337.28 1335.93 1334.56 1333.19 1331.82 1330.46 1329.09 1327.69 1326.30 1324.90 1323.51 1322.13 1320.74 1319.35 1317.98 1316.64 1315.34 1314.06 1312.78 1311.49 1310.18 1308.86 1307.55 1306.26 1304.99 1303.70 1302.38 1301.01 1299.61 1298.21 1296.82 1295.41 1293.94 1292.39 1290.76 1289.14 1287.60 1286.15 1284.77 1283.47 1282.24 1281.07 1279.89 1278.59 1277.06 1275.29 1273.35 1271.33 1269.31 1267.32 1265.40 1263.60 1261.94 1260.44 1259.10 1257.91
1350.27 1349.15 1348.04 1346.94 1345.83 1344.73 1343.65 1342.60 1341.54 1340.44 1339.23 1337.93 1336.56 1335.16 1333.77 1332.38 1331.00 1329.61 1328.20 1326.78 1325.36 1323.97 1322.59 1321.22 1319.87 1318.53 1317.22 1315.93 1314.66 1313.40 1312.13 1310.84 1309.56 1308.27 1307.01 1305.74 1304.48 1303.19 1301.88 1300.55 1299.21 1297.88 1296.52 1295.08 1293.53 1291.89 1290.23 1288.65 1287.17 1285.81 1284.58 1283.50 1282.50 1281.48 1280.29 1278.85 1277.14 1275.25 1273.27 1271.27 1269.29 1267.36 1265.54 1263.87 1262.37 1261.02 1259.80
1350.83 1349.71 1348.60 1347.50 1346.39 1345.29 1344.19 1343.13 1342.07 1340.98 1339.81 1338.52 1337.15 1335.74 1334.33 1332.93 1331.53 1330.11 1328.67 1327.21 1325.78 1324.38 1323.01 1321.67 1320.34 1319.04 1317.75 1316.48 1315.22 1313.96 1312.70 1311.44 1310.18 1308.92 1307.67 1306.42 1305.17 1303.92 1302.66 1301.38 1300.11 1298.83 1297.52 1296.13 1294.62 1293.00 1291.36 1289.78 1288.30 1286.95 1285.77 1284.78 1283.90 1282.99 1281.90 1280.57 1278.98 1277.18 1275.25 1273.27 1271.29 1269.38 1267.59 1265.95 1264.45 1263.07 1261.78
1351.37 1350.25 1349.14 1348.04 1346.94 1345.83 1344.72 1343.63 1342.56 1341.47 1340.31 1339.04 1337.67 1336.27 1334.85 1333.43 1332.00 1330.55 1329.06 1327.57 1326.11 1324.71 1323.35 1322.03 1320.73 1319.45 1318.18 1316.93 1315.67 1314.42 1313.17 1311.92 1310.68 1309.45 1308.22 1306.99 1305.76 1304.54 1303.32 1302.09 1300.86 1299.63 1298.38 1297.08 1295.67 1294.15 1292.58 1291.04 1289.58 1288.24 1287.09 1286.14 1285.30 1284.44 1283.42 1282.19 1280.73 1279.06 1277.22 1275.27 1273.31 1271.43 1269.69 1268.09 1266.62 1265.21 1263.85
1351.87 1350.77 1349.66 1348.56 1347.45 1346.34 1345.22 1344.10 1343.00 1341.90 1340.74 1339.48 1338.14 1336.73 1335.30 1333.85 1332.38 1330.87 1329.34 1327.81 1326.33 1324.93 1323.58 1322.28 1321.01 1319.74 1318.49 1317.23 1315.98 1314.74 1313.49 1312.26 1311.05 1309.85 1308.65 1307.45 1306.25 1305.06 1303.87 1302.67 1301.48 1300.30 1299.14 1297.95 1296.68 1295.30 1293.86 1292.40 1290.98 1289.67 1288.53 1287.57 1286.72 1285.84 1284.84 1283.69 1282.36 1280.84 1279.12 1277.25 1275.34 1273.49 1271.80 1270.26 1268.82 1267.41 1266.01
1352.33 1351.23 1350.13 1349.03 1347.92 1346.79 1345.64 1344.50 1343.36 1342.23 1341.08 1339.85 1338.53 1337.12 1335.66 1334.17 1332.64 1331.09 1329.51 1327.96 1326.46 1325.05 1323.72 1322.43 1321.17 1319.91 1318.66 1317.41 1316.16 1314.91 1313.68 1312.47 1311.29 1310.13 1308.98 1307.82 1306.66 1305.49 1304.32 1303.14 1301.98 1300.86 1299.79 1298.73 1297.62 1296.42 1295.12 1293.78 1292.43 1291.16 1290.03 1289.05 1288.16 1287.23 1286.22 1285.10 1283.87 1282.48 1280.90 1279.15 1277.32 1275.54 1273.91 1272.42 1271.02 1269.63 1268.22
1352.73 1351.64 1350.54 1349.43 1348.29 1347.14 1345.97 1344.79 1343.63 1342.49 1341.34 1340.15 1338.85 1337.44 1335.94 1334.39 1332.82 1331.22 1329.63 1328.06 1326.56 1325.15 1323.81 1322.52 1321.25 1319.99 1318.74 1317.49 1316.24 1315.00 1313.77 1312.58 1311.43 1310.32 1309.22 1308.11 1306.99 1305.84 1304.67 1303.50 1302.36 1301.31 1300.35 1299.43 1298.48 1297.44 1296.31 1295.10 1293.86 1292.65 1291.55 1290.56 1289.61 1288.62 1287.57 1286.46 1285.29 1284.00 1282.53 1280.91 1279.21 1277.55 1275.99 1274.56 1273.18 1271.80 1270.39
1353.09 1351.98 1350.86 1349.73 1348.57 1347.39 1346.20 1345.01 1343.84 1342.70 1341.57 1340.38 1339.09 1337.66 1336.14 1334.56 1332.96 1331.36 1329.76 1328.20 1326.71 1325.29 1323.93 1322.61 1321.31 1320.04 1318.79 1317.55 1316.31 1315.07 1313.84 1312.66 1311.53 1310.45 1309.40 1308.34 1307.25 1306.12 1304.95 1303.78 1302.69 1301.72 1300.87 1300.08 1299.28 1298.40 1297.43 1296.36 1295.24 1294.13 1293.07 1292.07 1291.08 1290.03 1288.93 1287.82 1286.67 1285.42 1284.04 1282.53 1280.98 1279.46 1278.02 1276.64 1275.28 1273.88 1272.44
1353.41 1352.27 1351.12 1349.96 1348.78 1347.60 1346.40 1345.22 1344.05 1342.91 1341.79 1340.60 1339.29 1337.85 1336.31 1334.73 1333.14 1331.56 1329.99 1328.45 1326.95 1325.51 1324.11 1322.75 1321.42 1320.13 1318.88 1317.66 1316.44 1315.21 1313.97 1312.77 1311.64 1310.59 1309.57 1308.54 1307.48 1306.37 1305.22 1304.09 1303.06 1302.19 1301.44 1300.76 1300.07 1299.33 1298.50 1297.58 1296.59 1295.57 1294.57 1293.58 1292.56 1291.46 1290.33 1289.20 1288.04 1286.81 1285.47 1284.07 1282.66 1281.29 1279.95 1278.63 1277.27 1275.84 1274.35
1353.69 1352.53 1351.36 1350.19 1349.01 1347.83 1346.65 1345.48 1344.32 1343.18 1342.04 1340.83 1339.51 1338.06 1336.53 1334.97 1333.41 1331.85 1330.31 1328.77 1327.27 1325.80 1324.36 1322.96 1321.60 1320.31 1319.07 1317.87 1316.68 1315.46 1314.21 1312.99 1311.86 1310.82 1309.82 1308.81 1307.77 1306.69 1305.59 1304.52 1303.60 1302.83 1302.17 1301.56 1300.94 1300.29 1299.58 1298.79 1297.91 1296.98 1296.03 1295.07 1294.03 1292.92 1291.76 1290.62 1289.45 1288.21 1286.91 1285.59 1284.29 1283.03 1281.79 1280.52 1279.16 1277.69 1276.14
1353.97 1352.80 1351.63 1350.46 1349.29 1348.12 1346.96 1345.80 1344.64 1343.50 1342.33 1341.11 1339.78 1338.34 1336.84 1335.30 1333.75 1332.21 1330.66 1329.12 1327.59 1326.09 1324.63 1323.22 1321.86 1320.57 1319.35 1318.19 1317.04 1315.84 1314.60 1313.38 1312.27 1311.26 1310.28 1309.28 1308.25 1307.20 1306.15 1305.17 1304.35 1303.68 1303.09 1302.52 1301.93 1301.33 1300.69 1299.99 1299.20 1298.36 1297.47 1296.53 1295.49 1294.36 1293.21 1292.07 1290.89 1289.65 1288.37 1287.11 1285.89 1284.72 1283.54 1282.31 1280.96 1279.47 1277.90
1354.28 1353.11 1351.96 1350.79 1349.63 1348.47 1347.32 1346.16 1345.00 1343.85 1342.67 1341.44 1340.12 1338.69 1337.19 1335.65 1334.10 1332.54 1330.98 1329.42 1327.87 1326.37 1324.91 1323.50 1322.15 1320.88 1319.68 1318.56 1317.46 1316.32 1315.13 1313.97 1312.91 1311.94 1310.99 1310.01 1308.99 1307.95 1306.94 1306.03 1305.29 1304.69 1304.15 1303.60 1303.03 1302.44 1301.84 1301.19 1300.47 1299.69 1298.85 1297.94 1296.91 1295.79 1294.66 1293.53 1292.36 1291.12 1289.85 1288.62 1287.44 1286.32 1285.21 1284.02 1282.69 1281.20 1279.63
1354.63 1353.47 1352.31 1351.16 1350.00 1348.84 1347.69 1346.53 1345.37 1344.20 1343.02 1341.78 1340.46 1339.04 1337.53 1335.98 1334.41 1332.83 1331.25 1329.69 1328.14 1326.64 1325.19 1323.80 1322.46 1321.19 1320.01 1318.93 1317.89 1316.83 1315.74 1314.68 1313.72 1312.81 1311.90 1310.94 1309.94 1308.91 1307.92 1307.05 1306.35 1305.78 1305.26 1304.73 1304.18 1303.60 1303.00 1302.36 1301.68 1300.96 1300.17 1299.29 1298.28 1297.20 1296.09 1294.99 1293.83 1292.60 1291.34 1290.10 1288.94 1287.85 1286.78 1285.64 1284.34 1282.89 1281.36
1355.00 1353.84 1352.69 1351.53 1350.37 1349.21 1348.04 1346.88 1345.71 1344.53 1343.34 1342.09 1340.76 1339.33 1337.81 1336.25 1334.68 1333.10 1331.54 1329.99 1328.46 1326.98 1325.54 1324.14 1322.79 1321.51 1320.33 1319.28 1318.29 1317.32 1316.34 1315.41 1314.55 1313.72 1312.86 1311.92 1310.93 1309.93 1308.98 1308.14 1307.45 1306.88 1306.35 1305.83 1305.29 1304.71 1304.11 1303.48 1302.84 1302.16 1301.42 1300.59 1299.63 1298.60 1297.53 1296.45 1295.32 1294.10 1292.85 1291.60 1290.42 1289.34 1288.30 1287.20 1285.94 1284.53 1283.07
1355.37 1354.21 1353.05 1351.89 1350.72 1349.55 1348.37 1347.19 1346.00 1344.81 1343.61 1342.35 1341.02 1339.59 1338.07 1336.53 1334.98 1333.44 1331.91 1330.40 1328.90 1327.43 1325.98 1324.56 1323.19 1321.89 1320.71 1319.66 1318.70 1317.79 1316.91 1316.09 1315.32 1314.55 1313.72 1312.81 1311.84 1310.88 1309.99 1309.19 1308.52 1307.93 1307.39 1306.85 1306.30 1305.73 1305.13 1304.53 1303.92 1303.29 1302.62 1301.84 1300.95 1299.98 1298.97 1297.93 1296.83 1295.65 1294.43 1293.19 1292.00 1290.90 1289.86 1288.77 1287.53 1286.17 1284.79
1355.72 1354.55 1353.38 1352.21 1351.03 1349.85 1348.65 1347.45 1346.25 1345.06 1343.85 1342.60 1341.28 1339.87 1338.38 1336.87 1335.36 1333.87 1332.39 1330.92 1329.45 1327.99 1326.54 1325.12 1323.73 1322.42 1321.22 1320.15 1319.20 1318.31 1317.49 1316.74 1316.03 1315.30 1314.48 1313.57 1312.64 1311.74 1310.92 1310.17 1309.51 1308.90 1308.32 1307.77 1307.22 1306.66 1306.08 1305.51 1304.94 1304.36 1303.73 1303.01 1302.20 1301.31 1300.38 1299.40 1298.35 1297.25 1296.09 1294.89 1293.71 1292.59 1291.52 1290.40 1289.17 1287.86 1286.56
1356.04 1354.86 1353.68 1352.50 1351.32 1350.12 1348.92 1347.71 1346.50 1345.31 1344.11 1342.88 1341.59 1340.21 1338.76 1337.29 1335.82 1334.38 1332.95 1331.53 1330.09 1328.65 1327.22 1325.80 1324.43 1323.12 1321.90 1320.81 1319.83 1318.94 1318.15 1317.44 1316.76 1316.02 1315.19 1314.30 1313.41 1312.57 1311.80 1311.09 1310.41 1309.76 1309.16 1308.60 1308.08 1307.56 1307.02 1306.47 1305.92 1305.37 1304.77 1304.09 1303.34 1302.55 1301.71 1300.82 1299.87 1298.85 1297.78 1296.66 1295.52 1294.41 1293.30 1292.14 1290.90 1289.63 1288.40
1356.32 1355.14 1353.96 1352.78 1351.60 1350.41 1349.20 1347.99 1346.78 1345.59 1344.40 1343.18 1341.91 1340.57 1339.16 1337.73 1336.32 1334.93 1333.56 1332.18 1330.79 1329.38 1327.97 1326.58 1325.23 1323.94 1322.72 1321.60 1320.59 1319.70 1318.91 1318.21 1317.51 1316.75 1315.91 1315.05 1314.22 1313.45 1312.71 1311.99 1311.28 1310.60 1309.98 1309.43 1308.96 1308.51 1308.03 1307.49 1306.93 1306.35 1305.75 1305.09 1304.40 1303.69 1302.95 1302.17 1301.32 1300.41 1299.44 1298.41 1297.33 1296.23 1295.12 1293.95 1292.72 1291.49 1290.32
1356.61 1355.43 1354.25 1353.08 1351.90 1350.71 1349.50 1348.28 1347.06 1345.86 1344.66 1343.45 1342.19 1340.88 1339.53 1338.16 1336.81 1335.48 1334.17 1332.84 1331.49 1330.11 1328.72 1327.36 1326.04 1324.79 1323.59 1322.47 1321.44 1320.54 1319.75 1319.03 1318.30 1317.51 1316.67 1315.85 1315.09 1314.38 1313.67 1312.94 1312.21 1311.50 1310.88 1310.36 1309.95 1309.57 1309.12 1308.57 1307.95 1307.32 1306.69 1306.04 1305.39 1304.74 1304.10 1303.42 1302.69 1301.89 1301.01 1300.06 1299.04 1297.98 1296.89 1295.76 1294.58 1293.42 1292.29
1356.91 1355.73 1354.54 1353.36 1352.17 1350.97 1349.75 1348.53 1347.31 1346.09 1344.87 1343.64 1342.39 1341.11 1339.82 1338.53 1337.27 1336.03 1334.77 1333.49 1332.16 1330.79 1329.41 1328.05 1326.77 1325.57 1324.43 1323.34 1322.33 1321.44 1320.65 1319.90 1319.13 1318.31 1317.49 1316.72 1316.01 1315.33 1314.64 1313.92 1313.21 1312.52 1311.91 1311.42 1311.05 1310.70 1310.24 1309.64 1308.94 1308.26 1307.63 1307.00 1306.37 1305.76 1305.18 1304.60 1303.97 1303.27 1302.48 1301.59 1300.63 1299.62 1298.58 1297.51 1296.42 1295.34 1294.26
1357.19 1356.00 1354.79 1353.59 1352.38 1351.17 1349.95 1348.72 1347.50 1346.27 1345.04 1343.80 1342.55 1341.30 1340.07 1338.87 1337.70 1336.53 1335.34 1334.09 1332.77 1331.40 1330.00 1328.65 1327.41 1326.28 1325.22 1324.20 1323.25 1322.38 1321.60 1320.83 1320.04 1319.21 1318.40 1317.65 1316.96 1316.28 1315.59 1314.92 1314.26 1313.62 1313.05 1312.57 1312.20 1311.83 1311.31 1310.63 1309.88 1309.18 1308.56 1307.96 1307.37 1306.79 1306.25 1305.73 1305.19 1304.57 1303.85 1303.02 1302.11 1301.15 1300.17 1299.17 1298.16 1297.16 1296.15
1357.44 1356.23 1355.00 1353.77 1352.55 1351.33 1350.11 1348.89 1347.67 1346.45 1345.22 1343.98 1342.74 1341.51 1340.32 1339.17 1338.07 1336.97 1335.83 1334.62 1333.33 1331.97 1330.58 1329.25 1328.04 1326.99 1326.02 1325.09 1324.21 1323.40 1322.62 1321.85 1321.04 1320.21 1319.39 1318.63 1317.91 1317.22 1316.55 1315.91 1315.31 1314.74 1314.20 1313.74 1313.34 1312.90 1312.30 1311.56 1310.78 1310.09 1309.50 1308.95 1308.38 1307.83 1307.32 1306.85 1306.36 1305.80 1305.13 1304.35 1303.50 1302.60 1301.66 1300.72 1299.78 1298.84 1297.88
1357.69 1356.46 1355.22 1353.98 1352.74 1351.51 1350.29 1349.08 1347.87 1346.66 1345.44 1344.22 1342.99 1341.77 1340.59 1339.47 1338.40 1337.34 1336.25 1335.10 1333.88 1332.57 1331.22 1329.93 1328.77 1327.77 1326.88 1326.04 1325.24 1324.46 1323.71 1322.93 1322.11 1321.25 1320.40 1319.61 1318.87 1318.18 1317.53 1316.92 1316.36 1315.83 1315.32 1314.85 1314.42 1313.92 1313.26 1312.49 1311.72 1311.07 1310.50 1309.96 1309.42 1308.90 1308.43 1307.99 1307.53 1306.99 1306.35 1305.61 1304.82 1303.97 1303.08 1302.18 1301.27 1300.37 1299.46
1357.98 1356.73 1355.48 1354.24 1352.99 1351.74 1350.51 1349.29 1348.09 1346.89 1345.69 1344.48 1343.26 1342.05 1340.87 1339.75 1338.68 1337.64 1336.61 1335.54 1334.42 1333.21 1331.95 1330.72 1329.60 1328.64 1327.80 1327.02 1326.27 1325.54 1324.80 1324.03 1323.20 1322.32 1321.43 1320.60 1319.86 1319.19 1318.57 1317.99 1317.44 1316.90 1316.39 1315.92 1315.46 1314.93 1314.27 1313.51 1312.78 1312.15 1311.58 1311.04 1310.50 1310.01 1309.58 1309.17 1308.71 1308.17 1307.55 1306.85 1306.10 1305.30 1304.46 1303.58 1302.69 1301.81 1300.94
1358.29 1357.04 1355.80 1354.55 1353.30 1352.04 1350.78 1349.53 1348.30 1347.11 1345.92 1344.73 1343.52 1342.31 1341.12 1339.99 1338.92 1337.89 1336.90 1335.91 1334.91 1333.83 1332.69 1331.53 1330.46 1329.52 1328.71 1327.97 1327.26 1326.56 1325.84 1325.09 1324.27 1323.38 1322.47 1321.62 1320.89 1320.26 1319.68 1319.11 1318.55 1317.99 1317.46 1316.98 1316.52 1316.00 1315.37 1314.66 1313.96 1313.33 1312.75 1312.18 1311.65 1311.19 1310.79 1310.40 1309.94 1309.40 1308.80 1308.14 1307.42 1306.64 1305.81 1304.94 1304.07 1303.23 1302.40
