MtW180000.grd
ncols 800 
nrows 100
xllcorner 0.0
yllcorner 0.0
cellsize 10.0
[rows 29 to 57 of 100, columns 134 to 200 of 800]
1421.85 1420.67 1419.39 1418.04 1416.66 1415.31 1413.96 1412.55 1411.09 1409.63 1408.22 1406.93 1405.74 1404.61 1403.53 1402.49 1401.51 1400.58 1399.69 1398.81 1397.92 1397.01 1396.08 1395.12 1394.13 1393.14 1392.17 1391.24 1390.38 1389.57 1388.77 1387.93 1387.04 1386.08 1385.05 1383.93 1382.71 1381.45 1380.25 1379.14 1378.10 1377.01 1375.80 1374.51 1373.21 1371.99 1370.86 1369.76 1368.63 1367.45 1366.21 1364.95 1363.68 1362.41 1361.13 1359.86 1358.61 1357.37 1356.17 1354.98 1353.82 1352.68 1351.62 1350.65 1349.74 1348.80 1347.78
1422.83 1421.69 1420.48 1419.21 1417.92 1416.61 1415.29 1413.92 1412.50 1411.06 1409.67 1408.39 1407.22 1406.14 1405.11 1404.10 1403.11 1402.15 1401.24 1400.38 1399.54 1398.70 1397.85 1396.97 1396.03 1395.07 1394.10 1393.16 1392.26 1391.40 1390.55 1389.68 1388.76 1387.78 1386.72 1385.58 1384.35 1383.09 1381.88 1380.75 1379.66 1378.52 1377.28 1375.97 1374.66 1373.40 1372.22 1371.07 1369.91 1368.69 1367.43 1366.14 1364.84 1363.53 1362.22 1360.91 1359.61 1358.34 1357.10 1355.91 1354.75 1353.63 1352.57 1351.57 1350.62 1349.65 1348.62
1423.68 1422.56 1421.41 1420.23 1419.03 1417.80 1416.53 1415.19 1413.80 1412.39 1411.02 1409.77 1408.65 1407.62 1406.64 1405.65 1404.64 1403.66 1402.72 1401.85 1401.04 1400.27 1399.50 1398.70 1397.85 1396.95 1396.03 1395.12 1394.21 1393.30 1392.37 1391.40 1390.40 1389.37 1388.29 1387.14 1385.92 1384.69 1383.49 1382.34 1381.19 1379.99 1378.72 1377.40 1376.08 1374.80 1373.57 1372.37 1371.16 1369.91 1368.61 1367.28 1365.94 1364.58 1363.23 1361.89 1360.56 1359.26 1358.01 1356.82 1355.68 1354.58 1353.51 1352.49 1351.49 1350.48 1349.41
1424.42 1423.31 1422.19 1421.08 1419.98 1418.85 1417.65 1416.35 1414.97 1413.58 1412.24 1411.04 1409.97 1409.00 1408.05 1407.08 1406.08 1405.08 1404.13 1403.25 1402.46 1401.73 1401.03 1400.29 1399.51 1398.68 1397.84 1396.99 1396.11 1395.19 1394.19 1393.13 1392.04 1390.93 1389.80 1388.63 1387.43 1386.24 1385.06 1383.89 1382.68 1381.41 1380.10 1378.77 1377.43 1376.13 1374.86 1373.61 1372.36 1371.08 1369.75 1368.38 1366.98 1365.58 1364.20 1362.82 1361.47 1360.15 1358.88 1357.69 1356.55 1355.46 1354.39 1353.33 1352.28 1351.23 1350.14
1425.07 1423.95 1422.85 1421.82 1420.82 1419.81 1418.69 1417.44 1416.08 1414.70 1413.40 1412.25 1411.22 1410.28 1409.35 1408.40 1407.42 1406.44 1405.48 1404.60 1403.81 1403.11 1402.44 1401.74 1401.00 1400.24 1399.47 1398.69 1397.87 1396.97 1395.96 1394.86 1393.70 1392.51 1391.31 1390.09 1388.88 1387.70 1386.54 1385.35 1384.10 1382.78 1381.42 1380.05 1378.69 1377.35 1376.03 1374.74 1373.46 1372.16 1370.81 1369.41 1367.98 1366.55 1365.13 1363.73 1362.36 1361.01 1359.72 1358.50 1357.34 1356.24 1355.14 1354.06 1352.97 1351.89 1350.79
1425.68 1424.55 1423.47 1422.51 1421.62 1420.72 1419.70 1418.52 1417.20 1415.86 1414.60 1413.47 1412.45 1411.50 1410.56 1409.63 1408.68 1407.72 1406.78 1405.90 1405.11 1404.41 1403.75 1403.08 1402.36 1401.63 1400.91 1400.18 1399.41 1398.55 1397.58 1396.50 1395.34 1394.11 1392.84 1391.55 1390.29 1389.08 1387.91 1386.69 1385.41 1384.05 1382.65 1381.25 1379.84 1378.45 1377.09 1375.75 1374.45 1373.14 1371.79 1370.38 1368.93 1367.48 1366.04 1364.62 1363.22 1361.84 1360.51 1359.24 1358.05 1356.91 1355.80 1354.69 1353.59 1352.49 1351.38
1426.32 1425.19 1424.15 1423.25 1422.44 1421.62 1420.68 1419.58 1418.35 1417.08 1415.86 1414.74 1413.69 1412.69 1411.73 1410.79 1409.88 1408.96 1408.04 1407.15 1406.35 1405.64 1404.98 1404.31 1403.61 1402.89 1402.18 1401.46 1400.71 1399.90 1399.00 1397.98 1396.87 1395.65 1394.35 1393.01 1391.68 1390.42 1389.19 1387.94 1386.62 1385.23 1383.80 1382.36 1380.92 1379.48 1378.07 1376.70 1375.37 1374.06 1372.71 1371.30 1369.85 1368.38 1366.91 1365.46 1364.03 1362.62 1361.25 1359.93 1358.69 1357.52 1356.39 1355.27 1354.16 1353.05 1351.94
1427.07 1425.97 1424.96 1424.09 1423.31 1422.52 1421.62 1420.60 1419.47 1418.30 1417.14 1416.01 1414.92 1413.86 1412.86 1411.93 1411.04 1410.15 1409.23 1408.33 1407.52 1406.80 1406.13 1405.46 1404.75 1404.03 1403.30 1402.57 1401.83 1401.05 1400.20 1399.27 1398.22 1397.05 1395.78 1394.42 1393.05 1391.72 1390.43 1389.13 1387.78 1386.36 1384.90 1383.42 1381.96 1380.50 1379.06 1377.66 1376.30 1374.97 1373.61 1372.20 1370.73 1369.24 1367.74 1366.26 1364.81 1363.37 1361.96 1360.60 1359.31 1358.11 1356.96 1355.83 1354.71 1353.59 1352.48
1427.94 1426.87 1425.90 1425.02 1424.21 1423.39 1422.49 1421.52 1420.49 1419.42 1418.33 1417.22 1416.10 1415.00 1413.97 1413.05 1412.18 1411.31 1410.39 1409.48 1408.65 1407.91 1407.23 1406.53 1405.81 1405.06 1404.30 1403.55 1402.81 1402.05 1401.24 1400.37 1399.39 1398.30 1397.08 1395.75 1394.37 1393.00 1391.66 1390.31 1388.92 1387.46 1385.97 1384.48 1383.01 1381.55 1380.10 1378.66 1377.26 1375.88 1374.49 1373.05 1371.58 1370.06 1368.54 1367.03 1365.55 1364.09 1362.65 1361.26 1359.92 1358.68 1357.50 1356.36 1355.23 1354.10 1352.98
1428.88 1427.85 1426.89 1425.99 1425.11 1424.23 1423.31 1422.35 1421.37 1420.37 1419.35 1418.28 1417.18 1416.09 1415.07 1414.15 1413.30 1412.43 1411.51 1410.58 1409.73 1408.98 1408.26 1407.54 1406.78 1406.00 1405.22 1404.46 1403.72 1402.96 1402.18 1401.34 1400.42 1399.40 1398.24 1396.97 1395.62 1394.25 1392.88 1391.48 1390.04 1388.55 1387.04 1385.54 1384.07 1382.60 1381.13 1379.66 1378.20 1376.75 1375.31 1373.85 1372.35 1370.83 1369.29 1367.76 1366.26 1364.78 1363.31 1361.88 1360.51 1359.22 1358.01 1356.85 1355.71 1354.57 1353.44
1429.81 1428.81 1427.85 1426.91 1425.98 1425.04 1424.08 1423.10 1422.13 1421.17 1420.20 1419.19 1418.15 1417.11 1416.12 1415.22 1414.37 1413.49 1412.57 1411.63 1410.75 1409.95 1409.20 1408.46 1407.68 1406.89 1406.11 1405.36 1404.61 1403.85 1403.07 1402.24 1401.36 1400.39 1399.31 1398.10 1396.80 1395.45 1394.06 1392.64 1391.16 1389.64 1388.11 1386.59 1385.09 1383.60 1382.09 1380.57 1379.04 1377.53 1376.04 1374.56 1373.06 1371.53 1369.99 1368.45 1366.92 1365.41 1363.93 1362.47 1361.06 1359.73 1358.48 1357.30 1356.14 1354.99 1353.85
1430.65 1429.67 1428.71 1427.76 1426.80 1425.82 1424.82 1423.82 1422.83 1421.87 1420.92 1419.98 1419.01 1418.04 1417.11 1416.22 1415.37 1414.49 1413.56 1412.59 1411.65 1410.81 1410.04 1409.29 1408.53 1407.76 1407.00 1406.25 1405.50 1404.73 1403.94 1403.11 1402.25 1401.32 1400.30 1399.17 1397.93 1396.61 1395.22 1393.76 1392.25 1390.70 1389.14 1387.58 1386.03 1384.48 1382.93 1381.35 1379.78 1378.23 1376.71 1375.21 1373.71 1372.19 1370.64 1369.09 1367.53 1366.00 1364.48 1363.00 1361.56 1360.19 1358.91 1357.70 1356.53 1355.37 1354.22
1431.40 1430.43 1429.47 1428.52 1427.56 1426.58 1425.57 1424.55 1423.53 1422.55 1421.60 1420.69 1419.80 1418.90 1418.02 1417.16 1416.31 1415.43 1414.48 1413.47 1412.48 1411.59 1410.81 1410.09 1409.37 1408.63 1407.90 1407.15 1406.39 1405.60 1404.79 1403.96 1403.10 1402.21 1401.24 1400.18 1399.00 1397.71 1396.31 1394.83 1393.29 1391.70 1390.10 1388.50 1386.90 1385.30 1383.69 1382.08 1380.47 1378.89 1377.34 1375.83 1374.32 1372.80 1371.25 1369.67 1368.10 1366.54 1365.00 1363.50 1362.03 1360.63 1359.31 1358.08 1356.90 1355.73 1354.56
1432.10 1431.13 1430.18 1429.24 1428.30 1427.34 1426.34 1425.31 1424.28 1423.27 1422.31 1421.41 1420.56 1419.72 1418.89 1418.05 1417.20 1416.31 1415.36 1414.33 1413.32 1412.41 1411.62 1410.92 1410.23 1409.52 1408.79 1408.04 1407.25 1406.43 1405.60 1404.76 1403.90 1403.02 1402.08 1401.07 1399.95 1398.70 1397.32 1395.82 1394.25 1392.64 1391.01 1389.37 1387.72 1386.08 1384.43 1382.79 1381.16 1379.55 1377.97 1376.43 1374.90 1373.37 1371.81 1370.22 1368.63 1367.05 1365.50 1363.96 1362.46 1361.03 1359.68 1358.42 1357.22 1356.04 1354.86
1432.78 1431.81 1430.87 1429.96 1429.05 1428.12 1427.14 1426.12 1425.08 1424.04 1423.06 1422.16 1421.34 1420.54 1419.73 1418.90 1418.05 1417.16 1416.21 1415.21 1414.21 1413.31 1412.52 1411.80 1411.11 1410.39 1409.65 1408.86 1408.04 1407.19 1406.34 1405.48 1404.62 1403.73 1402.81 1401.83 1400.76 1399.55 1398.20 1396.71 1395.14 1393.51 1391.86 1390.20 1388.53 1386.86 1385.18 1383.51 1381.84 1380.20 1378.58 1377.01 1375.45 1373.90 1372.32 1370.72 1369.12 1367.54 1365.97 1364.41 1362.87 1361.40 1360.02 1358.74 1357.52 1356.33 1355.15
1433.48 1432.51 1431.59 1430.69 1429.80 1428.89 1427.94 1426.93 1425.89 1424.84 1423.85 1422.95 1422.14 1421.35 1420.54 1419.71 1418.85 1417.96 1417.03 1416.06 1415.12 1414.24 1413.44 1412.70 1411.97 1411.20 1410.41 1409.58 1408.73 1407.86 1406.98 1406.11 1405.23 1404.34 1403.42 1402.45 1401.42 1400.27 1398.97 1397.52 1395.96 1394.34 1392.67 1391.00 1389.31 1387.62 1385.91 1384.20 1382.49 1380.82 1379.17 1377.56 1375.97 1374.38 1372.78 1371.19 1369.60 1368.01 1366.43 1364.84 1363.28 1361.78 1360.36 1359.05 1357.82 1356.63 1355.45
1434.20 1433.23 1432.31 1431.41 1430.52 1429.62 1428.68 1427.69 1426.66 1425.63 1424.64 1423.74 1422.91 1422.11 1421.29 1420.44 1419.57 1418.68 1417.77 1416.86 1415.96 1415.11 1414.31 1413.52 1412.72 1411.89 1411.04 1410.17 1409.30 1408.41 1407.53 1406.65 1405.77 1404.87 1403.95 1402.99 1401.98 1400.88 1399.65 1398.26 1396.73 1395.11 1393.43 1391.73 1390.03 1388.31 1386.58 1384.83 1383.10 1381.40 1379.73 1378.09 1376.46 1374.84 1373.23 1371.63 1370.05 1368.48 1366.89 1365.29 1363.71 1362.18 1360.74 1359.40 1358.16 1356.96 1355.79
1434.90 1433.93 1433.00 1432.09 1431.19 1430.28 1429.35 1428.38 1427.37 1426.36 1425.39 1424.48 1423.64 1422.81 1421.97 1421.11 1420.23 1419.35 1418.46 1417.57 1416.70 1415.85 1415.03 1414.20 1413.33 1412.44 1411.54 1410.64 1409.76 1408.88 1408.01 1407.14 1406.26 1405.36 1404.43 1403.48 1402.49 1401.42 1400.24 1398.91 1397.43 1395.80 1394.10 1392.37 1390.64 1388.91 1387.16 1385.40 1383.65 1381.94 1380.25 1378.59 1376.94 1375.30 1373.68 1372.09 1370.51 1368.93 1367.34 1365.74 1364.16 1362.61 1361.15 1359.79 1358.53 1357.33 1356.16
1435.55 1434.58 1433.63 1432.70 1431.79 1430.89 1429.96 1429.01 1428.02 1427.04 1426.09 1425.18 1424.32 1423.47 1422.62 1421.75 1420.87 1419.99 1419.11 1418.23 1417.35 1416.49 1415.63 1414.75 1413.84 1412.90 1411.96 1411.04 1410.16 1409.29 1408.45 1407.60 1406.73 1405.83 1404.89 1403.93 1402.93 1401.88 1400.75 1399.47 1398.02 1396.40 1394.66 1392.90 1391.15 1389.40 1387.66 1385.90 1384.15 1382.43 1380.73 1379.06 1377.40 1375.76 1374.15 1372.55 1370.97 1369.38 1367.79 1366.19 1364.61 1363.07 1361.60 1360.21 1358.92 1357.71 1356.54
1436.15 1435.18 1434.22 1433.28 1432.37 1431.46 1430.55 1429.61 1428.65 1427.70 1426.77 1425.86 1424.99 1424.13 1423.27 1422.39 1421.51 1420.62 1419.74 1418.84 1417.95 1417.05 1416.15 1415.24 1414.29 1413.33 1412.37 1411.44 1410.54 1409.69 1408.87 1408.05 1407.18 1406.27 1405.31 1404.32 1403.31 1402.26 1401.15 1399.92 1398.51 1396.90 1395.15 1393.36 1391.59 1389.85 1388.11 1386.35 1384.60 1382.87 1381.17 1379.49 1377.84 1376.21 1374.60 1373.01 1371.43 1369.83 1368.22 1366.63 1365.05 1363.52 1362.03 1360.62 1359.31 1358.08 1356.89
1436.76 1435.78 1434.81 1433.86 1432.94 1432.04 1431.13 1430.22 1429.29 1428.36 1427.45 1426.56 1425.68 1424.81 1423.93 1423.04 1422.14 1421.24 1420.34 1419.43 1418.51 1417.58 1416.64 1415.70 1414.75 1413.78 1412.81 1411.86 1410.95 1410.09 1409.28 1408.47 1407.60 1406.67 1405.69 1404.66 1403.62 1402.57 1401.48 1400.29 1398.92 1397.33 1395.60 1393.81 1392.03 1390.29 1388.54 1386.79 1385.03 1383.29 1381.58 1379.90 1378.25 1376.64 1375.04 1373.46 1371.87 1370.26 1368.65 1367.05 1365.48 1363.93 1362.43 1361.00 1359.66 1358.41 1357.22
1437.40 1436.41 1435.43 1434.47 1433.53 1432.63 1431.74 1430.84 1429.95 1429.04 1428.14 1427.25 1426.36 1425.47 1424.58 1423.67 1422.75 1421.84 1420.92 1420.00 1419.05 1418.09 1417.13 1416.18 1415.22 1414.25 1413.27 1412.31 1411.38 1410.51 1409.69 1408.86 1407.98 1407.02 1406.00 1404.95 1403.90 1402.84 1401.76 1400.61 1399.28 1397.74 1396.03 1394.24 1392.45 1390.69 1388.95 1387.19 1385.44 1383.70 1381.99 1380.31 1378.67 1377.05 1375.46 1373.88 1372.28 1370.66 1369.04 1367.43 1365.84 1364.29 1362.77 1361.32 1359.97 1358.71 1357.51
1438.08 1437.08 1436.08 1435.10 1434.15 1433.24 1432.36 1431.49 1430.60 1429.71 1428.81 1427.91 1427.01 1426.11 1425.20 1424.28 1423.35 1422.42 1421.49 1420.55 1419.58 1418.60 1417.62 1416.65 1415.69 1414.72 1413.74 1412.77 1411.83 1410.94 1410.08 1409.22 1408.30 1407.30 1406.26 1405.21 1404.15 1403.10 1402.03 1400.90 1399.62 1398.12 1396.43 1394.62 1392.80 1391.02 1389.27 1387.52 1385.79 1384.06 1382.37 1380.69 1379.04 1377.42 1375.82 1374.21 1372.60 1370.97 1369.34 1367.72 1366.13 1364.57 1363.05 1361.61 1360.26 1359.00 1357.79
1438.78 1437.76 1436.75 1435.75 1434.79 1433.87 1432.99 1432.11 1431.22 1430.32 1429.42 1428.52 1427.61 1426.71 1425.80 1424.87 1423.93 1422.98 1422.03 1421.07 1420.10 1419.10 1418.10 1417.12 1416.16 1415.19 1414.21 1413.23 1412.27 1411.35 1410.45 1409.53 1408.56 1407.54 1406.49 1405.44 1404.39 1403.34 1402.27 1401.15 1399.90 1398.43 1396.74 1394.90 1393.03 1391.22 1389.47 1387.75 1386.04 1384.34 1382.66 1380.99 1379.33 1377.69 1376.06 1374.44 1372.81 1371.18 1369.55 1367.94 1366.36 1364.82 1363.33 1361.90 1360.56 1359.30 1358.09
1439.50 1438.43 1437.40 1436.39 1435.43 1434.50 1433.59 1432.69 1431.78 1430.87 1429.97 1429.08 1428.18 1427.28 1426.37 1425.44 1424.48 1423.51 1422.54 1421.57 1420.58 1419.58 1418.58 1417.58 1416.61 1415.64 1414.65 1413.66 1412.68 1411.72 1410.78 1409.82 1408.81 1407.76 1406.70 1405.65 1404.60 1403.53 1402.45 1401.33 1400.10 1398.65 1396.94 1395.06 1393.16 1391.33 1389.58 1387.88 1386.19 1384.51 1382.83 1381.17 1379.51 1377.86 1376.22 1374.59 1372.97 1371.35 1369.74 1368.15 1366.60 1365.09 1363.63 1362.22 1360.88 1359.61 1358.39
1440.22 1439.10 1438.03 1437.02 1436.04 1435.09 1434.16 1433.22 1432.29 1431.38 1430.49 1429.61 1428.72 1427.82 1426.89 1425.95 1424.98 1424.00 1423.00 1422.01 1421.02 1420.03 1419.02 1418.02 1417.03 1416.05 1415.05 1414.05 1413.04 1412.05 1411.07 1410.07 1409.05 1407.99 1406.92 1405.85 1404.77 1403.67 1402.56 1401.44 1400.21 1398.77 1397.06 1395.16 1393.24 1391.40 1389.65 1387.96 1386.29 1384.62 1382.95 1381.29 1379.64 1377.99 1376.36 1374.75 1373.14 1371.55 1369.98 1368.43 1366.90 1365.42 1363.97 1362.56 1361.20 1359.91 1358.67
1440.96 1439.77 1438.65 1437.61 1436.62 1435.65 1434.69 1433.73 1432.79 1431.88 1431.00 1430.13 1429.24 1428.32 1427.37 1426.41 1425.43 1424.43 1423.42 1422.41 1421.42 1420.42 1419.42 1418.41 1417.41 1416.41 1415.41 1414.38 1413.34 1412.31 1411.30 1410.30 1409.28 1408.22 1407.13 1406.02 1404.89 1403.75 1402.62 1401.50 1400.28 1398.85 1397.14 1395.26 1393.35 1391.52 1389.78 1388.09 1386.42 1384.75 1383.09 1381.44 1379.80 1378.17 1376.57 1374.98 1373.41 1371.85 1370.30 1368.77 1367.25 1365.76 1364.31 1362.89 1361.52 1360.21 1358.94
1441.68 1440.43 1439.27 1438.19 1437.18 1436.19 1435.21 1434.25 1433.32 1432.41 1431.53 1430.65 1429.74 1428.78 1427.81 1426.83 1425.84 1424.83 1423.80 1422.78 1421.77 1420.77 1419.77 1418.76 1417.75 1416.73 1415.70 1414.65 1413.57 1412.51 1411.48 1410.48 1409.47 1408.41 1407.30 1406.15 1404.97 1403.81 1402.68 1401.55 1400.35 1398.94 1397.27 1395.43 1393.55 1391.74 1390.01 1388.32 1386.65 1384.99 1383.33 1381.69 1380.06 1378.45 1376.87 1375.30 1373.75 1372.21 1370.66 1369.12 1367.59 1366.08 1364.62 1363.20 1361.83 1360.51 1359.23
1442.41 1441.12 1439.92 1438.80 1437.76 1436.75 1435.77 1434.81 1433.88 1432.97 1432.07 1431.16 1430.22 1429.25 1428.26 1427.26 1426.25 1425.22 1424.16 1423.11 1422.08 1421.08 1420.08 1419.07 1418.04 1417.00 1415.93 1414.84 1413.73 1412.64 1411.61 1410.62 1409.61 1408.55 1407.43 1406.25 1405.07 1403.90 1402.77 1401.66 1400.47 1399.10 1397.49 1395.71 1393.87 1392.08 1390.35 1388.66 1386.99 1385.33 1383.67 1382.03 1380.41 1378.80 1377.22 1375.66 1374.10 1372.54 1370.98 1369.42 1367.87 1366.37 1364.91 1363.50 1362.14 1360.83 1359.55
