MtW280000.grd
ncols 800 
nrows 100
xllcorner 0.0
yllcorner 0.0
cellsize 10.0
[rows 0 to 27 of 100, columns 0 to 62 of 800]
1573.171 1571.503 1569.723 1567.785 1565.721 1563.622 1561.614 1559.816 1558.135 1556.684 1555.369 1554.141 1552.996 1551.912 1550.826 1549.648 1548.297 1546.739 1545.012 1543.209 1541.446 1539.825 1538.229 1536.861 1535.658 1534.531 1533.42 1532.293 1531.149 1529.996 1528.826 1527.603 1526.282 1524.836 1523.275 1521.653 1520.063 1518.667 1517.392 1516.184 1515.018 1513.889 1512.734 1511.446 1509.923 1508.122 1506.084 1503.916 1501.758 1499.743 1497.795 1496.083 1494.53 1493.053 1491.602 1490.152 1488.689 1487.205 1485.699 1484.186 1482.688 1481.232 1479.826
1573.879 1572.275 1570.562 1568.678 1566.635 1564.503 1562.371 1560.37 1558.914 1557.628 1556.382 1555.151 1553.977 1552.871 1551.781 1550.617 1549.286 1547.738 1545.989 1544.109 1542.181 1540.324 1538.949 1537.744 1536.624 1535.53 1534.434 1533.319 1532.19 1531.059 1529.927 1528.76 1527.506 1526.127 1524.626 1523.052 1521.489 1520.033 1518.703 1517.422 1516.164 1514.971 1513.8 1512.532 1511.047 1509.279 1507.244 1505.025 1502.727 1500.495 1498.762 1497.212 1495.73 1494.26 1492.789 1491.313 1489.822 1488.307 1486.76 1485.179 1483.566 1481.917 1480.268
1574.56 1573.032 1571.399 1569.597 1567.627 1565.557 1563.489 1561.575 1560.044 1558.75 1557.484 1556.195 1554.962 1553.818 1552.719 1551.571 1550.273 1548.762 1547.042 1545.182 1543.282 1541.487 1540.032 1538.806 1537.668 1536.546 1535.438 1534.329 1533.212 1532.102 1531.003 1529.89 1528.705 1527.398 1525.958 1524.423 1522.871 1521.379 1519.986 1518.639 1517.264 1516.006 1514.824 1513.586 1512.155 1510.45 1508.474 1506.303 1504.054 1501.897 1500.084 1498.526 1497.022 1495.501 1493.983 1492.473 1490.958 1489.425 1487.86 1486.257 1484.619 1482.963 1481.369
1575.216 1573.77 1572.231 1570.537 1568.683 1566.733 1564.79 1562.975 1561.406 1560.014 1558.653 1557.245 1555.93 1554.741 1553.628 1552.496 1551.242 1549.797 1548.153 1546.375 1544.568 1542.851 1541.345 1540.014 1538.768 1537.543 1536.397 1535.292 1534.191 1533.098 1532.026 1530.96 1529.843 1528.612 1527.234 1525.73 1524.163 1522.604 1521.112 1519.724 1518.239 1516.956 1515.792 1514.595 1513.232 1511.619 1509.749 1507.689 1505.56 1503.498 1501.651 1499.994 1498.385 1496.748 1495.161 1493.616 1492.087 1490.555 1489.002 1487.417 1485.805 1484.196 1482.65
1575.862 1574.494 1573.05 1571.477 1569.763 1567.953 1566.131 1564.39 1562.79 1561.287 1559.763 1558.213 1556.848 1555.634 1554.508 1553.386 1552.177 1550.809 1549.267 1547.598 1545.887 1544.229 1542.688 1541.24 1539.802 1538.431 1537.268 1536.188 1535.11 1534.031 1532.976 1531.944 1530.888 1529.734 1528.427 1526.958 1525.367 1523.706 1522.004 1520.312 1519.005 1517.84 1516.732 1515.572 1514.269 1512.755 1511.015 1509.094 1507.084 1505.095 1503.213 1501.436 1499.68 1497.908 1496.28 1494.721 1493.193 1491.68 1490.162 1488.621 1487.055 1485.482 1483.94
1576.523 1575.218 1573.861 1572.404 1570.83 1569.159 1567.446 1565.75 1564.098 1562.428 1560.481 1559.024 1557.734 1556.53 1555.38 1554.247 1553.066 1551.772 1550.336 1548.779 1547.16 1545.538 1543.944 1542.33 1540.436 1539.136 1538.061 1537.037 1535.981 1534.903 1533.846 1532.83 1531.821 1530.743 1529.521 1528.115 1526.544 1524.863 1523.129 1521.444 1520.036 1518.852 1517.728 1516.543 1515.261 1513.832 1512.222 1510.444 1508.55 1506.607 1504.665 1502.708 1500.561 1498.887 1497.335 1495.789 1494.269 1492.782 1491.31 1489.828 1488.317 1486.775 1485.211
1577.235 1575.972 1574.683 1573.325 1571.874 1570.332 1568.716 1567.057 1565.365 1563.604 1561.727 1560.118 1558.781 1557.519 1556.283 1555.094 1553.913 1552.674 1551.332 1549.884 1548.352 1546.763 1545.124 1543.406 1541.584 1540.101 1538.97 1537.926 1536.839 1535.73 1534.65 1533.626 1532.642 1531.63 1530.501 1529.19 1527.691 1526.054 1524.362 1522.713 1521.245 1519.977 1518.781 1517.496 1516.195 1514.834 1513.348 1511.711 1509.93 1508.034 1506.052 1503.995 1501.882 1500.067 1498.474 1496.862 1495.319 1493.852 1492.428 1491.01 1489.564 1488.069 1486.517
1578.034 1576.796 1575.551 1574.266 1572.915 1571.482 1569.964 1568.364 1566.691 1564.95 1563.169 1561.519 1560.032 1558.622 1557.223 1555.936 1554.729 1553.523 1552.26 1550.912 1549.474 1547.949 1546.335 1544.641 1542.917 1541.376 1540.059 1538.883 1537.688 1536.523 1535.408 1534.36 1533.375 1532.406 1531.364 1530.166 1528.773 1527.218 1525.577 1523.943 1522.405 1521.013 1519.758 1518.355 1517.054 1515.769 1514.405 1512.903 1511.24 1509.415 1507.445 1505.372 1503.273 1501.347 1499.647 1497.905 1496.339 1494.894 1493.512 1492.151 1490.775 1489.351 1487.856
1578.953 1577.727 1576.504 1575.264 1573.983 1572.637 1571.208 1569.686 1568.071 1566.381 1564.66 1562.984 1561.365 1559.741 1558.142 1556.77 1555.537 1554.349 1553.142 1551.88 1550.541 1549.107 1547.569 1545.945 1544.297 1542.733 1541.274 1539.837 1538.48 1537.28 1536.153 1535.077 1534.065 1533.103 1532.124 1531.031 1529.759 1528.304 1526.725 1525.091 1523.458 1521.842 1520.266 1519.036 1517.867 1516.69 1515.436 1514.052 1512.504 1510.773 1508.861 1506.799 1504.659 1502.529 1500.478 1498.842 1497.355 1495.944 1494.579 1493.251 1491.936 1490.592 1489.187
1580.014 1578.791 1577.57 1576.346 1575.103 1573.813 1572.455 1571.012 1569.467 1567.829 1566.125 1564.394 1562.604 1560.533 1558.973 1557.629 1556.391 1555.193 1554.009 1552.811 1551.561 1550.225 1548.782 1547.237 1545.631 1544.023 1542.394 1540.461 1539.15 1538.029 1536.934 1535.832 1534.768 1533.773 1532.813 1531.799 1530.64 1529.296 1527.797 1526.202 1524.564 1522.918 1521.343 1520.019 1518.845 1517.701 1516.503 1515.192 1513.74 1512.118 1510.303 1508.31 1506.196 1504.038 1501.946 1500.128 1498.569 1497.094 1495.666 1494.318 1493.035 1491.766 1490.461
1581.227 1579.988 1578.748 1577.519 1576.28 1575.007 1573.691 1572.311 1570.837 1569.247 1567.55 1565.763 1563.872 1561.859 1560.127 1558.704 1557.384 1556.103 1554.886 1553.715 1552.537 1551.292 1549.939 1548.465 1546.882 1545.216 1543.464 1541.606 1540.107 1538.945 1537.832 1536.671 1535.528 1534.466 1533.482 1532.502 1531.431 1530.196 1528.795 1527.276 1525.697 1524.112 1522.588 1521.22 1519.993 1518.822 1517.623 1516.326 1514.94 1513.43 1511.747 1509.875 1507.851 1505.752 1503.68 1501.761 1500.018 1498.368 1496.777 1495.35 1494.066 1492.854 1491.639
1582.494 1581.237 1579.989 1578.75 1577.494 1576.194 1574.885 1573.552 1572.145 1570.616 1568.95 1567.165 1565.29 1563.369 1561.595 1560.016 1558.532 1557.08 1555.775 1554.598 1553.467 1552.297 1551.025 1549.622 1548.08 1546.417 1544.67 1542.913 1541.367 1540.05 1538.84 1537.578 1536.35 1535.214 1534.179 1533.189 1532.161 1531.016 1529.717 1528.294 1526.803 1525.297 1523.834 1522.461 1521.192 1519.986 1518.752 1517.412 1516.064 1514.668 1513.139 1511.425 1509.531 1507.515 1505.467 1503.474 1501.556 1499.667 1497.861 1496.345 1495.045 1493.861 1492.712
1583.737 1582.465 1581.203 1579.963 1578.69 1577.32 1575.996 1574.702 1573.365 1571.913 1570.312 1568.575 1566.75 1564.897 1563.102 1561.394 1559.709 1558.054 1556.661 1555.466 1554.362 1553.243 1552.037 1550.703 1549.226 1547.617 1545.921 1544.232 1542.666 1541.23 1539.828 1538.449 1537.194 1536.022 1534.939 1533.901 1532.869 1531.776 1530.566 1529.239 1527.838 1526.412 1525 1523.634 1522.326 1521.06 1519.77 1518.358 1517.067 1515.798 1514.431 1512.886 1511.14 1509.22 1507.194 1505.127 1503.015 1500.672 1498.865 1497.351 1496.028 1494.826 1493.696
1584.915 1583.61 1582.298 1580.999 1579.738 1578.294 1576.984 1575.749 1574.487 1573.122 1571.608 1569.948 1568.183 1566.365 1564.532 1562.662 1560.55 1558.937 1557.568 1556.362 1555.246 1554.143 1552.976 1551.701 1550.296 1548.763 1547.133 1545.473 1543.853 1542.25 1540.407 1539.156 1538.024 1536.883 1535.777 1534.664 1533.581 1532.499 1531.353 1530.11 1528.791 1527.433 1526.065 1524.7 1523.334 1521.923 1520.301 1519.079 1517.957 1516.832 1515.607 1514.214 1512.612 1510.8 1508.816 1506.711 1504.502 1502.191 1500.185 1498.565 1497.128 1495.812 1494.627
1586.039 1584.688 1583.285 1581.799 1580.261 1579.029 1577.87 1576.725 1575.529 1574.237 1572.813 1571.247 1569.555 1567.772 1565.92 1563.979 1561.926 1560.141 1558.681 1557.378 1556.167 1555.015 1553.85 1552.613 1551.273 1549.818 1548.253 1546.606 1544.919 1543.196 1541.432 1540.051 1538.934 1537.775 1536.661 1535.456 1534.31 1533.211 1532.099 1530.923 1529.672 1528.373 1527.047 1525.698 1524.309 1522.853 1521.322 1520.032 1518.93 1517.851 1516.684 1515.393 1513.921 1512.231 1510.334 1508.276 1506.107 1503.89 1501.832 1500.021 1498.377 1496.845 1495.536
1587.156 1585.781 1584.358 1582.854 1581.338 1580.027 1578.868 1577.727 1576.528 1575.267 1573.918 1572.452 1570.859 1569.147 1567.341 1565.451 1563.502 1561.67 1560.032 1558.536 1557.133 1555.869 1554.669 1553.448 1552.16 1550.776 1549.279 1547.667 1545.96 1544.203 1542.479 1541.008 1539.811 1538.542 1537.378 1536.204 1535.053 1533.939 1532.839 1531.705 1530.511 1529.263 1527.981 1526.67 1525.314 1523.903 1522.469 1521.167 1520.002 1518.873 1517.665 1516.419 1515.061 1513.508 1511.739 1509.788 1507.712 1505.585 1503.511 1501.549 1499.663 1497.881 1496.444
1588.28 1586.907 1585.505 1584.05 1582.584 1581.231 1579.994 1578.776 1577.489 1576.216 1574.924 1573.561 1572.088 1570.49 1568.777 1566.973 1565.109 1563.256 1561.469 1559.724 1558.087 1556.703 1555.448 1554.227 1552.975 1551.655 1550.232 1548.682 1547.005 1545.24 1543.472 1541.797 1540.253 1539.134 1538.083 1536.989 1535.856 1534.725 1533.609 1532.49 1531.334 1530.131 1528.892 1527.627 1526.326 1524.978 1523.61 1522.296 1521.056 1519.809 1518.5 1517.294 1516.049 1514.639 1513.02 1511.207 1509.247 1507.192 1505.093 1502.965 1500.64 1498.853 1497.401
1589.369 1588.025 1586.66 1585.255 1583.826 1582.439 1581.11 1579.772 1578.359 1577.081 1575.85 1574.584 1573.238 1571.776 1570.184 1568.472 1566.656 1564.763 1562.795 1560.587 1558.952 1557.547 1556.234 1554.983 1553.751 1552.483 1551.135 1549.668 1548.066 1546.35 1544.592 1542.884 1541.315 1540.049 1538.97 1537.888 1536.74 1535.578 1534.433 1533.302 1532.163 1530.993 1529.793 1528.569 1527.317 1526.02 1524.68 1523.326 1521.939 1520.305 1519.136 1518.069 1516.947 1515.661 1514.182 1512.517 1510.684 1508.706 1506.607 1504.405 1502.115 1500.142 1498.587
1590.355 1589.068 1587.754 1586.394 1584.984 1583.545 1582.059 1580.342 1579.062 1577.9 1576.749 1575.558 1574.313 1572.985 1571.527 1569.911 1568.129 1566.187 1564.099 1561.914 1560.079 1558.558 1557.098 1555.764 1554.52 1553.288 1552.006 1550.63 1549.13 1547.511 1545.823 1544.158 1542.605 1541.25 1540.037 1538.878 1537.661 1536.465 1535.298 1534.15 1533.008 1531.856 1530.686 1529.495 1528.279 1527.017 1525.691 1524.302 1522.84 1521.297 1520.03 1518.962 1517.871 1516.628 1515.243 1513.715 1512.025 1510.161 1508.128 1505.964 1503.753 1501.708 1499.978
1591.19 1589.989 1588.744 1587.435 1586.052 1584.594 1583.05 1581.417 1580.041 1578.869 1577.717 1576.525 1575.324 1574.098 1572.773 1571.272 1569.549 1567.605 1565.489 1563.317 1561.349 1559.672 1558.013 1556.586 1555.316 1554.101 1552.866 1551.567 1550.172 1548.671 1547.086 1545.482 1543.943 1542.523 1541.184 1539.834 1538.512 1537.322 1536.169 1535.022 1533.867 1532.717 1531.567 1530.405 1529.216 1527.981 1526.677 1525.295 1523.852 1522.397 1521.103 1519.976 1518.852 1517.558 1516.212 1514.806 1513.277 1511.563 1509.648 1507.562 1505.401 1503.283 1501.344
1591.882 1590.776 1589.617 1588.375 1587.046 1585.632 1584.139 1582.613 1581.225 1579.986 1578.764 1577.481 1576.27 1575.11 1573.904 1572.535 1570.912 1569.017 1566.905 1564.693 1562.516 1560.467 1558.88 1557.48 1556.191 1554.957 1553.734 1552.482 1551.173 1549.781 1548.303 1546.765 1545.221 1543.713 1542.192 1540.388 1539.181 1538.117 1537.023 1535.901 1534.731 1533.566 1532.424 1531.289 1530.13 1528.92 1527.641 1526.289 1524.88 1523.466 1522.131 1520.913 1519.772 1518.392 1517.084 1515.803 1514.445 1512.91 1511.146 1509.161 1507.027 1504.825 1502.614
1592.488 1591.459 1590.384 1589.223 1587.967 1586.626 1585.216 1583.772 1582.383 1581.072 1579.764 1578.353 1577.132 1576.03 1574.924 1573.689 1572.204 1570.416 1568.369 1566.183 1563.983 1561.895 1560.122 1558.626 1557.234 1555.898 1554.625 1553.383 1552.128 1550.821 1549.433 1547.954 1546.4 1544.794 1543.129 1541.396 1540.046 1538.976 1537.86 1536.756 1535.567 1534.393 1533.253 1532.138 1531.013 1529.833 1528.58 1527.255 1525.876 1524.469 1523.062 1521.646 1520.216 1519.044 1517.895 1516.751 1515.551 1514.196 1512.605 1510.755 1508.685 1506.491 1504.227
1593.081 1592.09 1591.074 1589.988 1588.812 1587.549 1586.217 1584.831 1583.42 1581.97 1580.312 1579.052 1577.936 1576.901 1575.863 1574.733 1573.398 1571.768 1569.85 1567.753 1565.619 1563.559 1561.692 1560.02 1558.444 1556.919 1555.54 1554.273 1553.045 1551.796 1550.476 1549.052 1547.508 1545.857 1544.138 1542.433 1540.983 1539.821 1538.585 1537.467 1536.332 1535.187 1534.059 1532.958 1531.863 1530.719 1529.494 1528.193 1526.842 1525.461 1524.058 1522.63 1521.221 1519.997 1518.859 1517.758 1516.637 1515.412 1513.99 1512.309 1510.368 1508.241 1506.044
1593.727 1592.723 1591.723 1590.691 1589.588 1588.401 1587.139 1585.811 1584.413 1582.934 1581.364 1580.025 1578.885 1577.823 1576.765 1575.677 1574.466 1573.015 1571.278 1569.319 1567.269 1565.243 1563.313 1561.482 1559.688 1557.946 1556.466 1555.165 1553.944 1552.726 1551.454 1550.077 1548.566 1546.918 1545.172 1543.414 1541.753 1540.238 1539.155 1538.15 1537.102 1535.991 1534.868 1533.768 1532.688 1531.578 1530.389 1529.115 1527.793 1526.455 1525.105 1523.743 1522.397 1521.145 1519.98 1518.852 1517.728 1516.543 1515.25 1513.754 1511.997 1510.014 1507.902
1594.462 1593.402 1592.372 1591.355 1590.308 1589.193 1588.005 1586.747 1585.415 1584.004 1582.543 1581.192 1579.981 1578.818 1577.64 1576.53 1575.399 1574.112 1572.573 1570.784 1568.839 1566.84 1564.844 1562.829 1560.605 1558.896 1557.431 1556.107 1554.86 1553.64 1552.39 1551.052 1549.587 1547.981 1546.262 1544.505 1542.805 1541.265 1540.041 1539.004 1537.964 1536.847 1535.705 1534.587 1533.502 1532.414 1531.264 1530.028 1528.738 1527.444 1526.162 1524.876 1523.595 1522.346 1521.149 1519.984 1518.804 1517.564 1516.339 1515.02 1513.481 1511.688 1509.711
1595.302 1594.155 1593.057 1592.014 1590.991 1589.938 1588.824 1587.645 1586.399 1585.076 1583.698 1582.344 1581.054 1579.777 1578.438 1577.296 1576.224 1575.063 1573.698 1572.089 1570.269 1568.318 1566.293 1564.196 1562.023 1560.152 1558.612 1557.196 1555.847 1554.565 1553.302 1551.989 1550.573 1549.033 1547.384 1545.682 1544.022 1542.499 1541.191 1540.03 1538.916 1537.733 1536.563 1535.426 1534.325 1533.236 1532.114 1530.925 1529.677 1528.424 1527.195 1525.978 1524.75 1523.514 1522.283 1521.054 1519.782 1518.431 1517.245 1516.081 1514.758 1513.18 1511.364
1596.215 1594.978 1593.797 1592.696 1591.661 1590.645 1589.598 1588.498 1587.333 1586.089 1584.763 1583.383 1581.951 1580.3 1579.084 1578.024 1577.013 1575.924 1574.679 1573.224 1571.549 1569.692 1567.715 1565.665 1563.593 1561.691 1560.009 1558.436 1556.906 1555.51 1554.201 1552.893 1551.519 1550.049 1548.489 1546.872 1545.269 1543.761 1542.395 1541.122 1539.839 1538.554 1537.393 1536.271 1535.167 1534.06 1532.943 1531.791 1530.595 1529.385 1528.198 1527.028 1525.843 1524.615 1523.329 1521.952 1520.309 1519.093 1518.031 1516.995 1515.837 1514.451 1512.809
1597.142 1595.845 1594.592 1593.424 1592.345 1591.332 1590.332 1589.301 1588.209 1587.032 1585.751 1584.367 1582.885 1581.32 1580.015 1578.923 1577.882 1576.774 1575.568 1574.222 1572.689 1570.964 1569.089 1567.125 1565.138 1563.221 1561.419 1559.678 1557.955 1556.456 1555.092 1553.773 1552.427 1551.016 1549.54 1548.011 1546.466 1544.956 1543.509 1542.064 1540.346 1539.196 1538.17 1537.107 1536.022 1534.894 1533.759 1532.624 1531.475 1530.317 1529.168 1528.034 1526.885 1525.674 1524.364 1522.924 1521.359 1520.032 1518.933 1517.899 1516.788 1515.522 1514.038
