MtW280000.grd
ncols 800 
nrows 100
xllcorner 0.0
yllcorner 0.0
cellsize 10.0
[rows 28 to 55 of 100, columns 0 to 62 of 800]
1598.056 1596.737 1595.44 1594.21 1593.07 1592.022 1591.035 1590.055 1589.029 1587.916 1586.69 1585.348 1583.912 1582.443 1581.115 1579.964 1578.85 1577.632 1576.403 1575.124 1573.721 1572.142 1570.393 1568.521 1566.581 1564.624 1562.656 1560.527 1558.883 1557.407 1555.999 1554.645 1553.306 1551.938 1550.526 1549.071 1547.577 1546.056 1544.52 1542.947 1541.311 1540.036 1539.011 1537.931 1536.862 1535.712 1534.563 1533.432 1532.316 1531.208 1530.105 1529.006 1527.893 1526.724 1525.449 1524.049 1522.572 1521.208 1519.998 1518.855 1517.664 1516.437 1515.08
1598.993 1597.673 1596.361 1595.076 1593.86 1592.743 1591.725 1590.765 1589.794 1588.746 1587.582 1586.299 1584.923 1583.511 1582.154 1580.911 1579.773 1578.431 1577.188 1575.973 1574.684 1573.243 1571.624 1569.842 1567.935 1565.943 1563.89 1561.807 1560.039 1558.499 1556.972 1555.54 1554.177 1552.832 1551.465 1550.064 1548.616 1547.105 1545.531 1543.912 1542.312 1540.943 1539.832 1538.631 1537.55 1536.459 1535.349 1534.231 1533.131 1532.058 1531 1529.943 1528.871 1527.754 1526.544 1525.215 1523.805 1522.42 1521.105 1519.794 1518.451 1517.235 1515.989
1600.09 1598.738 1597.392 1596.047 1594.734 1593.517 1592.426 1591.444 1590.503 1589.517 1588.421 1587.196 1585.87 1584.482 1583.068 1581.64 1580.212 1579.066 1577.951 1576.828 1575.632 1574.301 1572.793 1571.102 1569.238 1567.244 1565.179 1563.124 1561.267 1559.645 1557.961 1556.458 1555.071 1553.725 1552.385 1551.021 1549.614 1548.135 1546.566 1544.927 1543.276 1541.697 1540.227 1539.17 1538.197 1537.198 1536.139 1535.04 1533.943 1532.882 1531.854 1530.837 1529.807 1528.739 1527.594 1526.336 1524.972 1523.55 1522.079 1520.347 1519.098 1517.987 1516.848
1601.654 1600.081 1598.601 1597.143 1595.698 1594.352 1593.159 1592.117 1591.173 1590.232 1589.205 1588.045 1586.767 1585.414 1584.017 1582.589 1581.194 1579.999 1578.891 1577.789 1576.632 1575.352 1573.921 1572.31 1570.508 1568.541 1566.476 1564.388 1562.352 1560.41 1558.855 1557.42 1556.032 1554.666 1553.316 1551.971 1550.598 1549.164 1547.64 1546.032 1544.384 1542.765 1541.259 1540.041 1539.014 1538.017 1536.963 1535.867 1534.763 1533.693 1532.671 1531.679 1530.688 1529.662 1528.571 1527.376 1526.056 1524.618 1523.072 1521.419 1520.045 1518.906 1517.779
1603.614 1601.764 1600.014 1598.36 1596.73 1595.241 1593.937 1592.814 1591.831 1590.905 1589.937 1588.849 1587.633 1586.332 1584.992 1583.638 1582.314 1581.104 1579.984 1578.868 1577.699 1576.41 1575.009 1573.471 1571.754 1569.852 1567.825 1565.757 1563.711 1561.765 1560.086 1558.605 1557.15 1555.695 1554.287 1552.926 1551.577 1550.194 1548.74 1547.206 1545.617 1544.037 1542.54 1541.217 1540.033 1538.929 1537.802 1536.692 1535.587 1534.502 1533.462 1532.472 1531.504 1530.516 1529.469 1528.333 1527.075 1525.682 1524.178 1522.627 1521.227 1519.996 1518.8
1605.886 1603.674 1601.565 1599.636 1597.776 1596.173 1594.78 1593.572 1592.519 1591.566 1590.626 1589.609 1588.468 1587.232 1585.958 1584.68 1583.42 1582.22 1581.087 1579.977 1578.789 1577.44 1576.042 1574.574 1572.965 1571.172 1569.229 1567.224 1565.239 1563.336 1561.599 1560 1558.413 1556.801 1555.293 1553.89 1552.549 1551.213 1549.838 1548.396 1546.896 1545.373 1543.888 1542.495 1541.173 1539.842 1538.581 1537.475 1536.397 1535.314 1534.243 1533.225 1532.256 1531.297 1530.292 1529.209 1528.022 1526.709 1525.282 1523.809 1522.399 1521.083 1519.782
1608.41 1605.795 1603.207 1600.74 1598.816 1597.187 1595.743 1594.445 1593.291 1592.261 1591.299 1590.323 1589.259 1588.097 1586.886 1585.667 1584.453 1583.258 1582.099 1580.958 1579.77 1578.354 1576.991 1575.613 1574.129 1572.472 1570.651 1568.736 1566.811 1564.936 1563.144 1561.418 1559.674 1557.891 1556.298 1554.852 1553.504 1552.207 1550.902 1549.552 1548.143 1546.679 1545.19 1543.711 1542.204 1540.387 1539.207 1538.208 1537.191 1536.129 1535.024 1533.958 1532.96 1532.007 1531.037 1530.004 1528.882 1527.652 1526.31 1524.889 1523.448 1521.985 1520.316
1611.112 1608.231 1605.361 1602.639 1600.33 1598.505 1596.931 1595.497 1594.193 1593.036 1591.997 1591.015 1590.004 1588.914 1587.761 1586.585 1585.398 1584.198 1582.983 1581.711 1580.243 1579.053 1577.866 1576.62 1575.259 1573.734 1572.041 1570.229 1568.362 1566.484 1564.609 1562.694 1560.555 1558.855 1557.298 1555.819 1554.446 1553.161 1551.914 1550.644 1549.312 1547.898 1546.396 1544.815 1543.151 1541.398 1540.047 1539.023 1537.98 1536.934 1535.796 1534.683 1533.642 1532.669 1531.716 1530.724 1529.657 1528.498 1527.233 1525.869 1524.425 1522.911 1521.333
1613.784 1610.824 1607.848 1604.987 1602.424 1600.233 1598.406 1596.756 1595.247 1593.916 1592.759 1591.721 1590.724 1589.689 1588.59 1587.45 1586.284 1585.094 1583.866 1582.576 1581.211 1580.007 1578.864 1577.684 1576.398 1574.959 1573.368 1571.654 1569.85 1567.972 1566.025 1563.995 1561.888 1560.052 1558.428 1556.834 1555.386 1554.086 1552.868 1551.661 1550.397 1549.03 1547.534 1545.907 1544.185 1542.455 1540.984 1539.839 1538.673 1537.614 1536.525 1535.414 1534.334 1533.32 1532.355 1531.386 1530.364 1529.261 1528.066 1526.774 1525.383 1523.92 1522.447
1616.17 1613.329 1610.409 1607.52 1604.81 1602.358 1600.162 1598.198 1596.422 1594.898 1593.606 1592.484 1591.46 1590.45 1589.394 1588.288 1587.148 1585.986 1584.799 1583.572 1582.316 1581.127 1579.991 1578.825 1577.561 1576.147 1574.619 1572.992 1571.266 1569.422 1567.456 1565.394 1563.297 1561.355 1559.622 1557.858 1556.329 1554.997 1553.786 1552.612 1551.402 1550.088 1548.624 1547.001 1545.255 1543.469 1541.768 1540.239 1539.2 1538.257 1537.263 1536.185 1535.077 1534.005 1532.995 1532.017 1531.021 1529.964 1528.829 1527.609 1526.296 1524.907 1523.507
1618.052 1615.514 1612.819 1610.021 1607.262 1604.632 1602.134 1599.733 1597.651 1595.956 1594.549 1593.341 1592.259 1591.233 1590.198 1589.122 1588.011 1586.887 1585.758 1584.612 1583.443 1582.282 1581.143 1579.984 1578.716 1577.271 1575.777 1574.238 1572.61 1570.844 1568.912 1566.845 1564.707 1562.567 1560.489 1558.809 1557.31 1555.952 1554.705 1553.527 1552.348 1551.084 1549.673 1548.096 1546.381 1544.6 1542.85 1541.267 1540.046 1539.061 1538.084 1537.013 1535.882 1534.754 1533.675 1532.654 1531.655 1530.627 1529.538 1528.376 1527.133 1525.81 1524.445
1619.352 1617.256 1614.908 1612.319 1609.603 1606.867 1604.116 1601.128 1598.882 1597.101 1595.614 1594.321 1593.158 1592.078 1591.028 1589.968 1588.885 1587.797 1586.718 1585.641 1584.537 1583.397 1582.234 1581.036 1579.752 1578.255 1576.821 1575.392 1573.887 1572.238 1570.398 1568.386 1566.268 1564.109 1561.995 1560.134 1558.533 1557.056 1555.688 1554.44 1553.253 1552.029 1550.681 1549.177 1547.534 1545.813 1544.101 1542.516 1541.181 1540.038 1538.983 1537.861 1536.714 1535.554 1534.415 1533.329 1532.293 1531.268 1530.207 1529.086 1527.89 1526.612 1525.268
1620.215 1618.606 1616.622 1614.305 1611.72 1608.949 1606.039 1603.025 1600.448 1598.49 1596.876 1595.456 1594.176 1593.005 1591.904 1590.836 1589.773 1588.715 1587.674 1586.645 1585.585 1584.454 1583.234 1581.891 1580.303 1579.022 1577.771 1576.484 1575.105 1573.59 1571.889 1569.992 1567.957 1565.861 1563.776 1561.816 1560.02 1558.33 1556.749 1555.371 1554.139 1552.933 1551.645 1550.219 1548.664 1547.027 1545.375 1543.801 1542.391 1541.118 1539.859 1538.635 1537.512 1536.37 1535.205 1534.059 1532.962 1531.909 1530.854 1529.755 1528.584 1527.334 1526.01
1621.174 1619.738 1617.982 1615.965 1613.612 1610.959 1608.099 1605.176 1602.495 1600.229 1598.382 1596.762 1595.302 1594.003 1592.827 1591.73 1590.673 1589.64 1588.63 1587.634 1586.609 1585.498 1584.261 1582.879 1581.371 1580.034 1578.824 1577.595 1576.276 1574.869 1573.323 1571.588 1569.683 1567.671 1565.618 1563.587 1561.61 1559.661 1557.83 1556.322 1555.032 1553.82 1552.569 1551.209 1549.734 1548.172 1546.577 1545.003 1543.511 1542.06 1540.339 1539.236 1538.249 1537.179 1536.024 1534.84 1533.68 1532.571 1531.494 1530.398 1529.24 1528.002 1526.689
1621.875 1620.308 1618.957 1617.333 1615.292 1612.883 1610.207 1607.43 1604.752 1602.307 1600.131 1598.208 1596.502 1595.045 1593.785 1592.646 1591.583 1590.565 1589.583 1588.618 1587.631 1586.561 1585.358 1584.019 1582.59 1581.228 1579.973 1578.722 1577.373 1576.028 1574.633 1573.087 1571.345 1569.435 1567.406 1565.305 1563.129 1560.716 1558.859 1557.327 1555.987 1554.732 1553.474 1552.149 1550.728 1549.222 1547.661 1546.077 1544.494 1542.902 1541.267 1540.032 1539.058 1537.984 1536.844 1535.648 1534.444 1533.272 1532.146 1531.031 1529.875 1528.639 1527.328
1622.875 1621.378 1620.031 1618.602 1616.793 1614.664 1612.259 1609.673 1607.053 1604.505 1602.064 1599.72 1597.71 1596.104 1594.769 1593.591 1592.505 1591.487 1590.523 1589.591 1588.649 1587.633 1586.492 1585.208 1583.818 1582.402 1581.034 1579.746 1578.315 1577.026 1575.779 1574.428 1572.869 1571.082 1569.097 1566.956 1564.678 1562.286 1560.211 1558.557 1557.096 1555.719 1554.393 1553.052 1551.657 1550.185 1548.645 1547.057 1545.433 1543.796 1542.204 1540.887 1539.853 1538.716 1537.611 1536.449 1535.232 1534.013 1532.829 1531.674 1530.501 1529.264 1527.947
1624.073 1622.525 1621.098 1619.725 1618.056 1616.227 1614.146 1611.804 1609.284 1606.678 1604.009 1601.08 1598.9 1597.208 1595.815 1594.588 1593.456 1592.406 1591.439 1590.533 1589.639 1588.688 1587.617 1586.396 1585.023 1583.52 1581.922 1580.296 1579.035 1577.895 1576.794 1575.614 1574.23 1572.585 1570.686 1568.584 1566.338 1564.031 1561.892 1560.033 1558.369 1556.792 1555.337 1553.945 1552.538 1551.083 1549.561 1547.977 1546.346 1544.688 1543.057 1541.546 1540.184 1539.248 1538.307 1537.223 1536.027 1534.782 1533.546 1532.34 1531.137 1529.891 1528.569
1625.369 1623.653 1621.979 1620.334 1618.994 1617.546 1615.822 1613.753 1611.37 1608.743 1605.92 1602.959 1600.429 1598.544 1597.022 1595.687 1594.463 1593.339 1592.331 1591.427 1590.575 1589.693 1588.704 1587.562 1586.245 1584.75 1583.111 1581.456 1580.045 1578.872 1577.804 1576.706 1575.443 1573.934 1572.156 1570.147 1567.981 1565.752 1563.588 1561.571 1559.672 1557.876 1556.304 1554.841 1553.405 1551.944 1550.435 1548.866 1547.247 1545.603 1543.974 1542.434 1541.053 1540.009 1539.084 1537.993 1536.812 1535.565 1534.295 1533.037 1531.793 1530.53 1529.208
1626.757 1624.905 1623.126 1621.476 1620.085 1618.809 1617.34 1615.512 1613.314 1610.782 1607.999 1605.111 1602.454 1600.231 1598.463 1596.932 1595.542 1594.298 1593.21 1592.277 1591.446 1590.628 1589.728 1588.684 1587.465 1586.053 1584.479 1582.849 1581.345 1580.027 1578.878 1577.764 1576.538 1575.129 1573.484 1571.599 1569.528 1567.351 1565.15 1562.958 1560.633 1558.867 1557.299 1555.777 1554.282 1552.795 1551.288 1549.739 1548.147 1546.531 1544.926 1543.387 1541.986 1540.826 1539.855 1538.7 1537.551 1536.339 1535.063 1533.768 1532.479 1531.188 1529.864
1628.104 1626.191 1624.377 1622.738 1621.321 1620.036 1618.702 1617.055 1615.08 1612.754 1610.132 1607.371 1604.695 1602.27 1600.149 1598.312 1596.684 1595.284 1594.094 1593.1 1592.26 1591.486 1590.671 1589.733 1588.632 1587.343 1585.874 1584.302 1582.758 1581.331 1580.029 1578.81 1577.526 1576.173 1574.659 1572.915 1570.949 1568.818 1566.587 1564.304 1562.012 1560.085 1558.442 1556.792 1555.193 1553.65 1552.132 1550.605 1549.047 1547.467 1545.889 1544.347 1542.872 1541.486 1540.182 1539.228 1538.238 1537.1 1535.841 1534.523 1533.195 1531.869 1530.537
1629.235 1627.351 1625.548 1623.906 1622.446 1621.113 1619.802 1618.295 1616.598 1614.564 1612.193 1609.602 1606.967 1604.425 1602.028 1599.755 1597.833 1596.291 1595.012 1593.94 1593.048 1592.278 1591.524 1590.685 1589.7 1588.539 1587.192 1585.699 1584.156 1582.652 1581.216 1579.797 1578.39 1577.079 1575.695 1574.1 1572.252 1570.183 1567.96 1565.664 1563.398 1561.374 1559.63 1557.812 1556.107 1554.507 1552.973 1551.465 1549.945 1548.407 1546.864 1545.339 1543.851 1542.418 1541.102 1540.032 1539.034 1537.881 1536.62 1535.284 1533.926 1532.57 1531.222
1630.03 1628.261 1626.527 1624.888 1623.358 1621.872 1620.303 1619.147 1617.838 1616.149 1614.071 1611.69 1609.134 1606.524 1603.896 1601.028 1598.953 1597.349 1596.011 1594.855 1593.867 1593.038 1592.295 1591.528 1590.643 1589.595 1588.365 1586.962 1585.444 1583.875 1582.264 1580.408 1579.092 1577.911 1576.659 1575.195 1573.459 1571.466 1569.274 1566.969 1564.657 1562.442 1560.38 1558.674 1556.98 1555.364 1553.821 1552.323 1550.838 1549.343 1547.839 1546.346 1544.879 1543.463 1542.153 1540.994 1539.859 1538.623 1537.354 1536.023 1534.649 1533.273 1531.909
1630.482 1628.883 1627.278 1625.693 1624.151 1622.646 1621.197 1620.042 1618.944 1617.499 1615.7 1613.551 1611.112 1608.467 1605.675 1602.789 1600.383 1598.622 1597.182 1595.907 1594.776 1593.82 1593.02 1592.271 1591.458 1590.502 1589.373 1588.064 1586.594 1584.999 1583.305 1581.526 1580.069 1578.88 1577.667 1576.257 1574.599 1572.68 1570.539 1568.252 1565.916 1563.628 1561.496 1559.684 1557.899 1556.261 1554.701 1553.196 1551.722 1550.262 1548.795 1547.331 1545.882 1544.466 1543.111 1541.797 1540.26 1539.183 1538.002 1536.709 1535.342 1533.953 1532.582
1630.678 1629.262 1627.82 1626.343 1624.853 1623.392 1622.022 1620.869 1619.852 1618.561 1617.038 1615.159 1612.911 1610.352 1607.591 1604.784 1602.268 1600.206 1598.571 1597.122 1595.804 1594.673 1593.748 1592.958 1592.171 1591.281 1590.235 1589.019 1587.633 1586.091 1584.441 1582.77 1581.288 1580.004 1578.743 1577.302 1575.679 1573.832 1571.763 1569.525 1567.198 1564.867 1562.596 1560.481 1558.81 1557.226 1555.643 1554.094 1552.603 1551.15 1549.712 1548.268 1546.82 1545.375 1543.94 1542.5 1541.026 1539.868 1538.645 1537.352 1535.986 1534.592 1533.216
1630.733 1629.488 1628.208 1626.865 1625.465 1624.05 1622.681 1621.395 1620.169 1619.248 1618.099 1616.526 1614.529 1612.167 1609.55 1606.863 1604.331 1602.093 1600.152 1598.458 1596.918 1595.605 1594.531 1593.646 1592.834 1591.974 1590.988 1589.855 1588.569 1587.127 1585.567 1583.981 1582.491 1581.124 1579.768 1578.258 1576.681 1574.917 1572.947 1570.802 1568.544 1566.252 1564.003 1561.895 1560.074 1558.392 1556.678 1555.026 1553.474 1552.005 1550.573 1549.142 1547.689 1546.214 1544.716 1543.195 1541.654 1540.226 1539.174 1537.921 1536.56 1535.166 1533.792
1630.75 1629.639 1628.5 1627.294 1626.01 1624.673 1623.343 1622.079 1620.934 1620.022 1619.067 1617.704 1615.951 1613.84 1611.443 1608.904 1606.402 1604.054 1601.871 1599.801 1598.029 1596.587 1595.396 1594.398 1593.514 1592.637 1591.681 1590.608 1589.41 1588.076 1586.616 1585.091 1583.57 1582.054 1580.356 1579.031 1577.607 1575.94 1574.091 1572.078 1569.935 1567.73 1565.546 1563.463 1561.531 1559.653 1557.732 1555.953 1554.325 1552.821 1551.382 1549.953 1548.495 1546.999 1545.473 1543.94 1542.443 1541.071 1539.855 1538.443 1537.048 1535.662 1534.301
1630.772 1629.754 1628.726 1627.645 1626.485 1625.254 1623.995 1622.78 1621.681 1620.753 1619.879 1618.648 1617.129 1615.294 1613.158 1610.801 1608.35 1605.916 1603.504 1600.873 1599.042 1597.603 1596.364 1595.259 1594.266 1593.329 1592.365 1591.323 1590.184 1588.936 1587.571 1586.11 1584.586 1583.021 1581.413 1580.02 1578.616 1576.938 1575.203 1573.345 1571.342 1569.234 1567.09 1564.974 1562.869 1560.566 1558.657 1556.829 1555.145 1553.6 1552.144 1550.706 1549.241 1547.725 1546.17 1544.61 1543.094 1541.657 1540.056 1538.689 1537.389 1536.073 1534.746
1630.792 1629.838 1628.889 1627.912 1626.87 1625.754 1624.582 1623.402 1622.275 1621.206 1620.13 1619.257 1618.04 1616.492 1614.629 1612.473 1610.095 1607.583 1604.991 1602.367 1600.264 1598.757 1597.463 1596.244 1595.12 1594.086 1593.081 1592.04 1590.931 1589.738 1588.451 1587.066 1585.587 1584.041 1582.491 1581.052 1579.648 1577.88 1576.293 1574.611 1572.754 1570.735 1568.608 1566.416 1564.155 1561.807 1559.716 1557.737 1555.961 1554.362 1552.873 1551.418 1549.932 1548.391 1546.788 1545.147 1543.481 1541.789 1540.072 1538.849 1537.679 1536.445 1535.157
