MtW28000.grd
ncols 800 
nrows 10
xllcorner 0.0
yllcorner 0.0
cellsize 10.0
[rows 0 to 9 of 10, columns 189 to 251 of 800]
1318.554 1317.918 1317.32 1316.695 1316.093 1315.526 1315.015 1314.545 1314.081 1313.61 1313.127 1312.625 1312.098 1311.536 1310.93 1310.273 1309.558 1308.775 1307.911 1306.948 1305.875 1304.702 1303.464 1302.22 1301.065 1300.173 1299.887 1299.244 1298.843 1298.292 1297.665 1296.785 1295.636 1294.278 1292.79 1291.222 1289.596 1287.918 1286.197 1284.47 1282.805 1281.283 1280.005 1279.107 1278.625 1277.901 1277.016 1276.029 1274.866 1273.488 1271.906 1270.172 1268.346 1266.498 1264.688 1262.962 1261.342 1259.815 1258.124 1256.388 1254.54 1252.576 1250.532
1319.828 1319.101 1318.561 1317.912 1317.319 1316.747 1316.256 1315.815 1315.366 1314.902 1314.425 1313.934 1313.42 1312.874 1312.284 1311.642 1310.946 1310.188 1309.357 1308.438 1307.418 1306.299 1305.107 1303.894 1302.73 1301.721 1300.962 1300.162 1299.892 1299.276 1298.76 1297.896 1296.722 1295.328 1293.83 1292.281 1290.694 1289.061 1287.382 1285.685 1284.031 1282.497 1281.165 1280.169 1279.843 1279.043 1278.171 1277.295 1276.206 1274.859 1273.277 1271.515 1269.636 1267.708 1265.789 1263.914 1262.086 1260.317 1258.897 1257.377 1255.638 1253.734 1251.729
1321.013 1320.196 1319.826 1319.096 1318.553 1317.953 1317.494 1317.102 1316.654 1316.19 1315.712 1315.229 1314.729 1314.2 1313.626 1313.001 1312.321 1311.586 1310.787 1309.911 1308.946 1307.888 1306.752 1305.578 1304.42 1303.337 1302.373 1301.492 1300.863 1300.155 1299.875 1299 1297.793 1296.345 1294.838 1293.322 1291.784 1290.205 1288.574 1286.915 1285.284 1283.761 1282.434 1281.409 1280.765 1279.992 1279.208 1278.568 1277.568 1276.252 1274.677 1272.898 1270.977 1268.982 1266.983 1265.031 1263.162 1261.435 1259.984 1258.516 1256.79 1254.915 1252.943
1322.557 1321.68 1320.994 1320.197 1319.824 1319.131 1318.745 1318.432 1317.935 1317.458 1316.964 1316.486 1315.998 1315.488 1314.935 1314.328 1313.665 1312.951 1312.183 1311.351 1310.444 1309.453 1308.384 1307.263 1306.124 1305.009 1303.954 1302.981 1302.154 1301.4 1300.839 1299.985 1298.801 1297.281 1295.795 1294.339 1292.87 1291.352 1289.775 1288.156 1286.549 1285.03 1283.684 1282.571 1281.698 1280.866 1280.122 1279.832 1278.891 1277.625 1276.093 1274.332 1272.396 1270.355 1268.292 1266.281 1264.381 1262.64 1261.105 1259.658 1257.911 1256.09 1254.171
1324.333 1323.395 1322.553 1321.733 1321.073 1320.306 1320.087 1319.837 1319.158 1318.685 1318.149 1317.681 1317.198 1316.711 1316.181 1315.597 1314.955 1314.266 1313.531 1312.746 1311.9 1310.981 1309.986 1308.925 1307.821 1306.697 1305.585 1304.521 1303.543 1302.639 1301.808 1300.856 1299.717 1298.106 1296.711 1295.358 1293.971 1292.515 1290.983 1289.398 1287.808 1286.281 1284.888 1283.686 1282.686 1281.839 1281.171 1280.734 1279.978 1278.875 1277.476 1275.801 1273.894 1271.83 1269.708 1267.626 1265.648 1263.797 1262.049 1260.337 1258.851 1257.231 1255.411
1326.228 1325.27 1324.381 1323.554 1322.833 1322.19 1321.831 1321.123 1320.226 1319.866 1319.224 1318.806 1318.306 1317.847 1317.338 1316.787 1316.174 1315.516 1314.821 1314.092 1313.316 1312.474 1311.552 1310.554 1309.488 1308.366 1307.212 1306.055 1304.931 1303.843 1302.757 1301.563 1300.203 1298.928 1297.687 1296.433 1295.116 1293.704 1292.2 1290.635 1289.054 1287.51 1286.061 1284.766 1283.662 1282.764 1282.071 1281.533 1280.877 1279.985 1278.789 1277.273 1275.45 1273.388 1271.214 1269.053 1266.986 1265.044 1263.216 1261.506 1259.999 1258.461 1256.679
1328.164 1327.221 1326.33 1325.501 1324.747 1324.053 1323.42 1322.581 1321.653 1320.935 1320.161 1319.886 1319.293 1318.897 1318.39 1317.887 1317.31 1316.697 1316.05 1315.388 1314.7 1313.946 1313.098 1312.155 1311.12 1310 1308.808 1307.57 1306.319 1305.074 1303.828 1302.538 1301.215 1299.993 1298.804 1297.597 1296.316 1294.917 1293.418 1291.86 1290.282 1288.722 1287.218 1285.828 1284.61 1283.611 1282.841 1282.237 1281.641 1280.925 1279.98 1278.693 1277.016 1274.986 1272.77 1270.531 1268.378 1266.353 1264.465 1262.719 1261.147 1259.655 1257.885
1330.069 1329.167 1328.294 1327.464 1326.673 1325.9 1325.104 1324.196 1323.235 1322.343 1321.495 1320.858 1320.141 1319.902 1319.323 1318.911 1318.358 1317.808 1317.213 1316.637 1316.064 1315.419 1314.644 1313.747 1312.731 1311.602 1310.372 1309.064 1307.713 1306.351 1305 1303.666 1302.365 1301.151 1299.989 1298.81 1297.544 1296.126 1294.612 1293.056 1291.488 1289.923 1288.379 1286.9 1285.557 1284.424 1283.535 1282.855 1282.278 1281.683 1280.949 1279.948 1278.495 1276.531 1274.303 1272.009 1269.78 1267.677 1265.704 1263.849 1262.084 1260.354 1258.877
1331.895 1331.045 1330.2 1329.372 1328.555 1327.726 1326.855 1325.913 1324.933 1323.973 1323.048 1322.214 1321.417 1320.82 1320.132 1319.902 1319.304 1318.861 1318.3 1317.831 1317.416 1316.91 1316.202 1315.345 1314.336 1313.187 1311.916 1310.547 1309.115 1307.664 1306.231 1304.844 1303.524 1302.288 1301.121 1299.975 1298.735 1297.275 1295.743 1294.2 1292.66 1291.116 1289.558 1288.011 1286.549 1285.264 1284.225 1283.431 1282.813 1282.257 1281.636 1280.829 1279.694 1277.874 1275.711 1273.416 1271.149 1268.989 1266.951 1265.023 1263.198 1261.501 1260.021
1333.625 1332.824 1332.006 1331.183 1330.353 1329.5 1328.607 1327.668 1326.697 1325.721 1324.758 1323.83 1322.94 1322.141 1321.376 1320.806 1320.128 1319.889 1319.281 1318.949 1318.742 1318.417 1317.741 1316.936 1315.932 1314.757 1313.445 1312.024 1310.528 1309.001 1307.49 1306.03 1304.646 1303.344 1302.115 1300.936 1299.757 1298.27 1296.772 1295.279 1293.79 1292.294 1290.759 1289.183 1287.625 1286.193 1284.983 1284.034 1283.308 1282.702 1282.074 1281.272 1280.16 1278.837 1276.902 1274.693 1272.443 1270.262 1268.18 1266.197 1264.324 1262.603 1261.081
