MtW28000.grd
ncols 800 
nrows 10
xllcorner 0.0
yllcorner 0.0
cellsize 10.0
[rows 0 to 9 of 10, columns 315 to 377 of 800]
1141.466 1140.003 1138.794 1137.928 1136.8 1135.497 1134.161 1132.853 1131.555 1130.242 1128.904 1127.542 1126.161 1124.773 1123.412 1122.125 1120.99 1120.148 1119.917 1119.165 1118.311 1117.547 1116.929 1116.357 1115.701 1114.937 1114.081 1113.149 1112.156 1111.12 1110.065 1109.007 1107.949 1106.882 1105.783 1104.632 1103.426 1102.201 1101.021 1099.987 1099.195 1098.809 1098.285 1097.738 1097.107 1096.49 1095.929 1095.43 1095.005 1094.718 1094.622 1094.724 1094.991 1095.364 1095.8 1096.327 1096.951 1097.593 1098.218 1098.571 1099.035 1099.817 1100.004
1143.155 1141.664 1140.373 1139.658 1138.444 1137.086 1135.76 1134.504 1133.241 1131.932 1130.574 1129.184 1127.773 1126.355 1124.964 1123.648 1122.465 1121.504 1120.827 1119.998 1119.14 1118.419 1117.926 1117.473 1116.848 1116.072 1115.202 1114.267 1113.278 1112.245 1111.194 1110.142 1109.094 1108.041 1106.962 1105.832 1104.641 1103.407 1102.185 1101.049 1100.145 1099.889 1099.283 1098.822 1098.186 1097.588 1097.048 1096.568 1096.15 1095.885 1095.841 1096.015 1096.347 1096.768 1097.181 1097.694 1098.365 1099.012 1099.807 1100.045 1100.326 1101.174 1101.793
1144.896 1143.454 1142.168 1141.161 1139.95 1138.594 1137.324 1136.175 1134.958 1133.645 1132.256 1130.824 1129.374 1127.923 1126.499 1125.144 1123.901 1122.804 1121.853 1120.901 1119.993 1119.268 1118.945 1118.653 1118.015 1117.197 1116.304 1115.368 1114.387 1113.364 1112.317 1111.27 1110.23 1109.189 1108.131 1107.03 1105.869 1104.658 1103.443 1102.303 1101.36 1100.758 1100.106 1099.885 1099.216 1098.691 1098.165 1097.701 1097.263 1097.015 1097.036 1097.308 1097.719 1098.233 1098.586 1099.031 1099.802 1100.339 1101.333 1101.804 1102.257 1103.01 1103.773
1146.622 1145.22 1143.894 1142.677 1141.39 1140.042 1138.85 1137.893 1136.713 1135.372 1133.935 1132.446 1130.943 1129.452 1127.995 1126.601 1125.295 1124.095 1122.989 1121.932 1120.945 1120.144 1120.004 1119.876 1119.132 1118.253 1117.348 1116.424 1115.462 1114.455 1113.417 1112.375 1111.34 1110.311 1109.273 1108.205 1107.091 1105.93 1104.755 1103.635 1102.654 1101.87 1101.184 1100.703 1100.092 1099.862 1099.248 1098.815 1098.302 1098.063 1098.169 1098.586 1099.058 1099.786 1100.086 1100.373 1101.249 1102.066 1103.018 1103.688 1104.32 1105.078 1105.889
1148.285 1146.913 1145.56 1144.239 1142.903 1141.565 1140.364 1139.658 1138.446 1137.057 1135.568 1134.015 1132.453 1130.92 1129.432 1128.008 1126.661 1125.399 1124.227 1123.149 1122.202 1121.479 1121.129 1120.752 1120.016 1119.167 1118.3 1117.414 1116.478 1115.493 1114.469 1113.433 1112.402 1111.381 1110.362 1109.331 1108.273 1107.179 1106.067 1104.98 1103.982 1103.115 1102.362 1101.733 1101.131 1100.677 1100.087 1099.873 1099.24 1099.016 1099.2 1099.831 1100.23 1101.171 1101.934 1102.385 1103.143 1103.99 1104.881 1105.661 1106.415 1107.217 1108.053
1149.857 1148.531 1147.178 1145.829 1144.501 1143.23 1142.108 1141.155 1139.973 1138.6 1137.098 1135.49 1133.873 1132.304 1130.798 1129.359 1127.992 1126.706 1125.516 1124.446 1123.535 1122.819 1122.28 1121.67 1120.885 1120.017 1119.181 1118.337 1117.417 1116.448 1115.444 1114.419 1113.395 1112.381 1111.379 1110.384 1109.385 1108.368 1107.331 1106.298 1105.311 1104.409 1103.609 1102.907 1102.266 1101.696 1101.117 1100.671 1100.09 1099.985 1100.154 1100.937 1101.715 1102.719 1103.646 1104.38 1105.178 1106.029 1106.893 1107.715 1108.527 1109.361 1110.205
1151.331 1150.066 1148.741 1147.399 1146.078 1144.816 1143.644 1142.531 1141.313 1139.97 1138.488 1136.826 1135.174 1133.595 1132.092 1130.653 1129.283 1127.99 1126.796 1125.73 1124.818 1124.055 1123.35 1122.6 1121.756 1120.866 1120.008 1119.189 1118.252 1117.291 1116.315 1115.315 1114.304 1113.301 1112.318 1111.358 1110.417 1109.477 1108.524 1107.561 1106.615 1105.721 1104.903 1104.176 1103.521 1102.922 1102.356 1101.875 1101.474 1101.432 1101.736 1102.493 1103.423 1104.478 1105.495 1106.396 1107.261 1108.121 1108.974 1109.803 1110.63 1111.473 1112.315
1152.717 1151.522 1150.242 1148.919 1147.597 1146.308 1145.055 1143.808 1142.497 1141.108 1139.668 1137.968 1136.342 1134.805 1133.332 1131.908 1130.538 1129.24 1128.038 1126.959 1126.016 1125.179 1124.372 1123.524 1122.606 1121.651 1120.73 1119.902 1118.923 1117.997 1117.068 1116.109 1115.125 1114.143 1113.184 1112.261 1111.375 1110.51 1109.64 1108.757 1107.874 1107.023 1106.232 1105.519 1104.888 1104.323 1103.816 1103.406 1103.156 1103.211 1103.612 1104.368 1105.341 1106.423 1107.488 1108.466 1109.368 1110.226 1111.064 1111.883 1112.693 1113.522 1114.354
1154.038 1152.915 1151.688 1150.392 1149.067 1147.74 1146.407 1145.038 1143.587 1142.012 1140.328 1138.868 1137.419 1135.983 1134.562 1133.153 1131.775 1130.458 1129.236 1128.132 1127.15 1126.255 1125.376 1124.45 1123.444 1122.365 1121.24 1120.121 1119.355 1118.586 1117.723 1116.808 1115.865 1114.917 1113.995 1113.115 1112.284 1111.488 1110.697 1109.894 1109.087 1108.302 1107.574 1106.92 1106.351 1105.863 1105.452 1105.154 1105.038 1105.194 1105.668 1106.444 1107.425 1108.504 1109.578 1110.575 1111.477 1112.31 1113.124 1113.919 1114.686 1115.476 1116.298
1155.322 1154.266 1153.098 1151.838 1150.518 1149.165 1147.776 1146.329 1144.805 1143.19 1141.538 1140.035 1138.628 1137.236 1135.832 1134.412 1133.008 1131.659 1130.403 1129.265 1128.244 1127.305 1126.38 1125.404 1124.34 1123.192 1122.002 1120.874 1120.006 1119.239 1118.343 1117.433 1116.533 1115.64 1114.772 1113.947 1113.173 1112.44 1111.72 1110.992 1110.263 1109.558 1108.914 1108.353 1107.883 1107.505 1107.215 1107.044 1107.052 1107.306 1107.842 1108.637 1109.612 1110.669 1111.717 1112.692 1113.558 1114.332 1115.117 1115.892 1116.575 1117.292 1118.11
