MtW28000.grd
ncols 800 
nrows 10
xllcorner 0.0
yllcorner 0.0
cellsize 10.0
[rows 0 to 9 of 10, columns 0 to 62 of 800]
1573.171 1571.503 1569.723 1567.785 1565.721 1563.622 1561.614 1559.816 1558.135 1556.684 1555.369 1554.141 1552.996 1551.912 1550.826 1549.648 1548.297 1546.739 1545.012 1543.209 1541.446 1539.825 1538.229 1536.861 1535.658 1534.531 1533.42 1532.293 1531.149 1529.996 1528.826 1527.603 1526.282 1524.836 1523.275 1521.653 1520.063 1518.667 1517.392 1516.184 1515.018 1513.889 1512.734 1511.446 1509.923 1508.122 1506.084 1503.916 1501.758 1499.743 1497.795 1496.083 1494.53 1493.053 1491.602 1490.152 1488.689 1487.205 1485.699 1484.186 1482.688 1481.232 1479.826
1573.879 1572.275 1570.562 1568.678 1566.635 1564.503 1562.371 1560.37 1558.914 1557.628 1556.382 1555.151 1553.977 1552.871 1551.781 1550.617 1549.286 1547.738 1545.989 1544.109 1542.181 1540.324 1538.949 1537.744 1536.624 1535.53 1534.434 1533.319 1532.19 1531.059 1529.927 1528.76 1527.506 1526.127 1524.626 1523.052 1521.489 1520.033 1518.703 1517.422 1516.164 1514.971 1513.8 1512.532 1511.047 1509.279 1507.244 1505.025 1502.727 1500.495 1498.762 1497.212 1495.73 1494.26 1492.789 1491.313 1489.822 1488.307 1486.76 1485.179 1483.566 1481.917 1480.268
1574.56 1573.032 1571.399 1569.597 1567.627 1565.557 1563.489 1561.575 1560.044 1558.75 1557.484 1556.195 1554.962 1553.818 1552.719 1551.571 1550.273 1548.762 1547.042 1545.182 1543.282 1541.487 1540.032 1538.806 1537.668 1536.546 1535.438 1534.329 1533.212 1532.102 1531.003 1529.89 1528.705 1527.398 1525.958 1524.423 1522.871 1521.379 1519.986 1518.639 1517.264 1516.006 1514.824 1513.586 1512.155 1510.45 1508.474 1506.303 1504.054 1501.897 1500.084 1498.526 1497.022 1495.501 1493.983 1492.473 1490.958 1489.425 1487.86 1486.257 1484.619 1482.963 1481.369
1575.216 1573.77 1572.231 1570.537 1568.683 1566.733 1564.79 1562.975 1561.406 1560.014 1558.653 1557.245 1555.93 1554.741 1553.628 1552.496 1551.242 1549.797 1548.153 1546.375 1544.568 1542.851 1541.345 1540.014 1538.768 1537.543 1536.397 1535.292 1534.191 1533.098 1532.026 1530.96 1529.843 1528.612 1527.234 1525.73 1524.163 1522.604 1521.112 1519.724 1518.239 1516.956 1515.792 1514.595 1513.232 1511.619 1509.749 1507.689 1505.56 1503.498 1501.651 1499.994 1498.385 1496.748 1495.161 1493.616 1492.087 1490.555 1489.002 1487.417 1485.805 1484.196 1482.65
1575.862 1574.494 1573.05 1571.477 1569.763 1567.953 1566.131 1564.39 1562.79 1561.287 1559.763 1558.213 1556.848 1555.634 1554.508 1553.386 1552.177 1550.809 1549.267 1547.598 1545.887 1544.229 1542.688 1541.24 1539.802 1538.431 1537.268 1536.188 1535.11 1534.031 1532.976 1531.944 1530.888 1529.734 1528.427 1526.958 1525.367 1523.706 1522.004 1520.312 1519.005 1517.84 1516.732 1515.572 1514.269 1512.755 1511.015 1509.094 1507.084 1505.095 1503.213 1501.436 1499.68 1497.908 1496.28 1494.721 1493.193 1491.68 1490.162 1488.621 1487.055 1485.482 1483.94
1576.523 1575.218 1573.861 1572.404 1570.83 1569.159 1567.446 1565.75 1564.098 1562.428 1560.481 1559.024 1557.734 1556.53 1555.38 1554.247 1553.066 1551.772 1550.336 1548.779 1547.16 1545.538 1543.944 1542.33 1540.436 1539.136 1538.061 1537.037 1535.981 1534.903 1533.846 1532.83 1531.821 1530.743 1529.521 1528.115 1526.544 1524.863 1523.129 1521.444 1520.036 1518.852 1517.728 1516.543 1515.261 1513.832 1512.222 1510.444 1508.55 1506.607 1504.665 1502.708 1500.561 1498.887 1497.335 1495.789 1494.269 1492.782 1491.31 1489.828 1488.317 1486.775 1485.211
1577.235 1575.972 1574.683 1573.325 1571.874 1570.332 1568.716 1567.057 1565.365 1563.604 1561.727 1560.118 1558.781 1557.519 1556.283 1555.094 1553.913 1552.674 1551.332 1549.884 1548.352 1546.763 1545.124 1543.406 1541.584 1540.101 1538.97 1537.926 1536.839 1535.73 1534.65 1533.626 1532.642 1531.63 1530.501 1529.19 1527.691 1526.054 1524.362 1522.713 1521.245 1519.977 1518.781 1517.496 1516.195 1514.834 1513.348 1511.711 1509.93 1508.034 1506.052 1503.995 1501.882 1500.067 1498.474 1496.862 1495.319 1493.852 1492.428 1491.01 1489.564 1488.069 1486.517
1578.034 1576.796 1575.551 1574.266 1572.915 1571.482 1569.964 1568.364 1566.691 1564.95 1563.169 1561.519 1560.032 1558.622 1557.223 1555.936 1554.729 1553.523 1552.26 1550.912 1549.474 1547.949 1546.335 1544.641 1542.917 1541.376 1540.059 1538.883 1537.688 1536.523 1535.408 1534.36 1533.375 1532.406 1531.364 1530.166 1528.773 1527.218 1525.577 1523.943 1522.405 1521.013 1519.758 1518.355 1517.054 1515.769 1514.405 1512.903 1511.24 1509.415 1507.445 1505.372 1503.273 1501.347 1499.647 1497.905 1496.339 1494.894 1493.512 1492.151 1490.775 1489.351 1487.856
1578.953 1577.727 1576.504 1575.264 1573.983 1572.637 1571.208 1569.686 1568.071 1566.381 1564.66 1562.984 1561.365 1559.741 1558.142 1556.77 1555.537 1554.349 1553.142 1551.88 1550.541 1549.107 1547.569 1545.945 1544.297 1542.733 1541.274 1539.837 1538.48 1537.28 1536.153 1535.077 1534.065 1533.103 1532.124 1531.031 1529.759 1528.304 1526.725 1525.091 1523.458 1521.842 1520.266 1519.036 1517.867 1516.69 1515.436 1514.052 1512.504 1510.773 1508.861 1506.799 1504.659 1502.529 1500.478 1498.842 1497.355 1495.944 1494.579 1493.251 1491.936 1490.592 1489.187
1580.014 1578.791 1577.57 1576.346 1575.103 1573.813 1572.455 1571.012 1569.467 1567.829 1566.125 1564.394 1562.604 1560.533 1558.973 1557.629 1556.391 1555.193 1554.009 1552.811 1551.561 1550.225 1548.782 1547.237 1545.631 1544.023 1542.394 1540.461 1539.15 1538.029 1536.934 1535.832 1534.768 1533.773 1532.813 1531.799 1530.64 1529.296 1527.797 1526.202 1524.564 1522.918 1521.343 1520.019 1518.845 1517.701 1516.503 1515.192 1513.74 1512.118 1510.303 1508.31 1506.196 1504.038 1501.946 1500.128 1498.569 1497.094 1495.666 1494.318 1493.035 1491.766 1490.461
