MtW280000.grd
ncols 800 
nrows 100
xllcorner 0.0
yllcorner 0.0
cellsize 10.0
[rows 56 to 83 of 100, columns 378 to 440 of 800]
1211.521 1212.689 1213.614 1214.205 1214.549 1214.822 1215.228 1215.935 1216.945 1218.029 1219.214 1219.805 1220.001 1219.915 1219.411 1218.198 1217.001 1216.075 1215.387 1214.801 1214.169 1213.415 1212.645 1211.903 1211.152 1210.351 1209.524 1208.7 1207.888 1207.052 1206.169 1205.277 1204.48 1203.716 1202.979 1202.576 1202.288 1201.435 1200.398 1200.08 1200.302 1201.164 1201.927 1202.878 1204.402 1206.234 1208.126 1209.944 1211.69 1213.451 1215.321 1217.372 1219.64 1222.01 1224.621 1227.211 1229.729 1232.234 1234.785 1237.383 1240.031 1242.885 1246.03
1214.295 1215.525 1216.54 1217.079 1217.292 1217.416 1217.692 1218.366 1219.507 1220.513 1221.696 1222.396 1222.592 1222.325 1221.53 1220.18 1218.916 1218.139 1217.71 1217.37 1216.873 1216.096 1215.364 1214.718 1214.033 1213.229 1212.409 1211.605 1210.769 1209.858 1208.913 1207.984 1207.115 1206.308 1205.574 1204.978 1204.373 1203.48 1202.6 1202.259 1202.472 1203.21 1204.128 1205.254 1206.713 1208.38 1210.083 1211.729 1213.335 1214.983 1216.748 1218.67 1220.809 1223.39 1225.987 1228.474 1230.868 1233.258 1235.724 1238.244 1240.723 1243.757 1247.062
1216.972 1218.221 1219.417 1219.952 1220.111 1220.16 1220.317 1220.865 1222.064 1223.221 1224.315 1225.007 1225.178 1224.799 1223.858 1222.44 1220.986 1220.319 1220.076 1219.89 1219.456 1218.526 1217.857 1217.373 1216.8 1215.968 1215.184 1214.472 1213.689 1212.753 1211.777 1210.824 1209.909 1209.05 1208.245 1207.479 1206.675 1205.792 1205.045 1204.736 1204.936 1205.58 1206.493 1207.614 1208.947 1210.419 1211.93 1213.425 1214.945 1216.571 1218.354 1220.332 1222.619 1225.106 1227.541 1229.845 1232.067 1234.313 1236.711 1239.312 1241.813 1244.798 1248.131
1219.62 1220.747 1222.025 1222.785 1223.155 1223.362 1223.631 1224.194 1225.177 1226.24 1227.199 1227.819 1227.953 1227.546 1226.618 1225.324 1224.036 1223.233 1222.77 1222.339 1221.667 1220.686 1220.187 1219.895 1219.424 1218.47 1217.769 1217.236 1216.577 1215.614 1214.652 1213.72 1212.774 1211.872 1210.997 1210.101 1209.179 1208.284 1207.594 1207.304 1207.479 1208.057 1208.906 1209.935 1211.098 1212.369 1213.701 1215.086 1216.592 1218.289 1220.206 1222.372 1224.674 1226.993 1229.204 1231.286 1233.307 1235.365 1237.565 1240.016 1242.772 1245.878 1249.254
1222.408 1223.681 1224.901 1225.794 1226.385 1226.818 1227.262 1227.869 1228.677 1229.549 1230.328 1230.838 1230.931 1230.527 1229.646 1228.47 1227.291 1226.38 1225.693 1225.041 1224.27 1223.41 1222.806 1222.315 1221.651 1220.689 1220.19 1219.872 1219.347 1218.292 1217.414 1216.584 1215.605 1214.696 1213.8 1212.808 1211.795 1210.859 1210.168 1209.87 1210.007 1210.521 1211.299 1212.222 1213.214 1214.298 1215.491 1216.797 1218.35 1220.199 1222.315 1224.542 1226.766 1228.898 1230.898 1232.793 1234.661 1236.584 1238.635 1240.948 1243.928 1247.149 1250.546
1225.64 1226.866 1227.996 1228.93 1229.685 1230.343 1230.99 1231.689 1232.385 1233.045 1233.611 1233.974 1234.009 1233.595 1232.709 1231.571 1230.437 1229.474 1228.662 1227.89 1227.083 1226.268 1225.573 1224.938 1224.228 1223.428 1222.846 1222.342 1221.644 1220.627 1219.984 1219.328 1218.264 1217.424 1216.597 1215.518 1214.427 1213.427 1212.708 1212.388 1212.482 1212.936 1213.661 1214.516 1215.365 1216.302 1217.427 1218.677 1220.336 1222.396 1224.579 1226.738 1228.805 1230.75 1232.593 1234.399 1236.245 1238.199 1240.334 1242.817 1245.7 1248.816 1252.122
1229.066 1230.158 1231.145 1232.032 1232.88 1233.74 1234.61 1235.487 1236.117 1236.564 1236.9 1237.098 1237.052 1236.59 1235.588 1234.406 1233.295 1232.34 1231.496 1230.698 1229.899 1229.113 1228.382 1227.691 1226.99 1226.266 1225.601 1224.936 1224.159 1223.256 1222.486 1221.654 1220.609 1219.98 1219.308 1218.11 1216.996 1215.919 1215.177 1214.851 1214.907 1215.304 1216.005 1216.884 1217.617 1218.461 1219.666 1220.902 1222.787 1224.879 1226.96 1228.931 1230.782 1232.552 1234.315 1236.155 1238.141 1240.31 1242.698 1245.247 1247.961 1250.844 1253.947
1232.526 1233.441 1234.213 1234.953 1235.808 1236.83 1237.873 1239.015 1239.617 1239.894 1240.031 1240.062 1239.914 1239.369 1238.112 1236.837 1235.777 1234.9 1234.088 1233.325 1232.589 1231.857 1231.132 1230.44 1229.766 1229.08 1228.372 1227.623 1226.81 1225.941 1225.089 1224.192 1223.239 1222.456 1221.592 1220.427 1219.468 1218.309 1217.6 1217.314 1217.342 1217.655 1218.332 1219.367 1220.034 1220.822 1222.252 1223.821 1225.69 1227.615 1229.439 1231.133 1232.742 1234.367 1236.136 1238.141 1240.422 1242.97 1245.561 1248.095 1250.581 1253.151 1255.991
1235.923 1236.649 1237.152 1237.657 1238.425 1239.568 1240.558 1241.716 1242.451 1242.809 1242.922 1242.82 1242.431 1241.598 1240.233 1238.922 1237.985 1237.24 1236.446 1235.735 1235.104 1234.457 1233.751 1233.081 1232.456 1231.81 1231.09 1230.313 1229.497 1228.645 1227.767 1226.856 1225.927 1225.033 1224.058 1222.927 1221.82 1220.664 1220.109 1219.915 1219.909 1220.085 1220.607 1221.705 1222.713 1223.834 1225.351 1227.048 1228.832 1230.506 1231.998 1233.384 1234.777 1236.306 1238.175 1240.479 1243.212 1246.082 1248.83 1251.3 1253.486 1255.661 1258.145
1239.139 1239.724 1240.012 1240.298 1240.91 1242.143 1243.299 1244.385 1245.149 1245.567 1245.693 1245.527 1245.004 1244.043 1242.649 1241.168 1240.321 1239.655 1238.734 1238.032 1237.521 1236.961 1236.216 1235.564 1235.015 1234.428 1233.705 1232.934 1232.158 1231.345 1230.474 1229.574 1228.669 1227.76 1226.774 1225.687 1224.613 1223.639 1223.061 1222.791 1222.736 1222.925 1223.478 1224.49 1225.675 1227.039 1228.655 1230.405 1232.097 1233.503 1234.652 1235.761 1237.027 1238.528 1240.605 1243.338 1246.404 1249.513 1252.39 1254.807 1256.65 1258.425 1260.676
1241.747 1242.448 1242.914 1243.373 1244.073 1245.15 1246.257 1247.238 1247.953 1248.37 1248.505 1248.345 1247.841 1246.966 1245.772 1244.488 1243.452 1242.429 1241.223 1240.511 1240.063 1239.51 1238.57 1237.917 1237.478 1236.963 1236.19 1235.444 1234.76 1234.028 1233.176 1232.309 1231.472 1230.63 1229.706 1228.688 1227.697 1226.855 1226.279 1225.937 1225.812 1225.981 1226.54 1227.514 1228.774 1230.267 1231.966 1233.778 1235.449 1236.614 1237.456 1238.377 1239.69 1241.246 1243.675 1246.632 1249.858 1253.084 1256.041 1258.457 1259.982 1261.436 1263.681
1244.485 1245.228 1245.893 1246.59 1247.43 1248.442 1249.459 1250.319 1250.934 1251.298 1251.428 1251.313 1250.924 1250.249 1249.335 1248.287 1247.22 1246.07 1244.856 1243.892 1243.062 1242.109 1240.94 1240.314 1239.965 1239.484 1238.545 1237.845 1237.315 1236.695 1235.829 1235.016 1234.311 1233.617 1232.804 1231.846 1230.926 1230.182 1229.639 1229.248 1229.024 1229.109 1229.624 1230.575 1231.862 1233.409 1235.144 1237.043 1238.833 1239.852 1240.514 1241.377 1242.926 1244.81 1247.293 1250.215 1253.385 1256.55 1259.408 1261.613 1263.241 1264.833 1266.92
1247.261 1248.057 1248.893 1249.807 1250.81 1251.854 1252.831 1253.568 1254.043 1254.308 1254.408 1254.347 1254.107 1253.675 1253.062 1252.278 1251.308 1250.14 1248.907 1247.737 1246.575 1245.357 1244.147 1243.291 1242.632 1241.858 1240.82 1240.259 1239.903 1239.372 1238.383 1237.657 1237.158 1236.677 1235.993 1235.033 1234.172 1233.53 1233.05 1232.615 1232.241 1232.188 1232.633 1233.568 1234.854 1236.417 1238.095 1240.012 1241.816 1243.118 1244.135 1245.274 1246.859 1248.804 1251.177 1253.871 1256.803 1259.745 1262.352 1264.473 1266.223 1267.947 1269.964
1249.941 1250.807 1251.791 1252.897 1254.063 1255.183 1256.202 1256.82 1257.125 1257.261 1257.307 1257.284 1257.182 1256.986 1256.672 1256.178 1255.373 1254.203 1252.977 1251.713 1250.321 1248.895 1247.579 1246.525 1245.645 1244.761 1243.838 1243.167 1242.596 1241.851 1240.837 1240.303 1240.033 1239.742 1239.152 1238.081 1237.293 1236.8 1236.418 1235.937 1235.327 1235.098 1235.49 1236.469 1237.743 1239.366 1240.945 1242.959 1244.885 1246.502 1247.915 1249.37 1251.043 1252.934 1255.103 1257.416 1259.996 1262.616 1265.006 1267.043 1268.819 1270.582 1272.551
1252.438 1253.357 1254.442 1255.7 1257.001 1258.131 1259.262 1259.767 1259.923 1259.952 1259.95 1259.945 1259.941 1259.927 1259.863 1259.64 1259.035 1257.852 1256.745 1255.534 1253.977 1252.356 1250.916 1249.758 1248.807 1247.937 1247.102 1246.364 1245.645 1244.841 1243.992 1243.432 1243.055 1242.617 1241.887 1240.837 1240.23 1239.899 1239.594 1239.055 1238.12 1237.749 1238.151 1239.299 1240.538 1242.262 1244.084 1246.12 1248.115 1249.934 1251.622 1253.338 1255.129 1256.902 1258.872 1260.725 1262.959 1265.248 1267.391 1269.288 1270.992 1272.683 1274.546
1254.709 1255.643 1256.747 1258.083 1259.456 1260.338 1261.339 1261.911 1262.138 1262.196 1262.198 1262.204 1262.246 1262.316 1262.352 1262.221 1261.719 1260.765 1259.993 1258.979 1257.261 1255.468 1253.935 1252.771 1251.887 1251.135 1250.417 1249.693 1248.922 1248.121 1247.362 1246.77 1246.271 1245.699 1244.926 1244.009 1243.308 1242.767 1242.204 1241.446 1240.517 1240.236 1240.685 1242.002 1243.547 1245.383 1247.345 1249.392 1251.39 1253.271 1255.061 1256.931 1258.828 1260.371 1262.102 1263.829 1265.731 1267.676 1269.534 1271.225 1272.771 1274.302 1275.96
1256.767 1257.689 1258.689 1259.979 1261.259 1262.244 1263.14 1263.745 1264.064 1264.202 1264.25 1264.283 1264.353 1264.469 1264.574 1264.55 1264.248 1263.611 1262.835 1261.693 1259.987 1258.108 1256.546 1255.465 1254.758 1254.218 1253.675 1253.021 1252.233 1251.448 1250.757 1250.182 1249.637 1248.992 1248.176 1247.259 1246.407 1245.632 1244.861 1244.065 1243.389 1243.277 1243.851 1245.141 1246.814 1248.719 1250.71 1252.705 1254.603 1256.41 1258.083 1259.926 1261.739 1263.343 1264.972 1266.602 1268.268 1269.922 1271.494 1272.939 1274.289 1275.652 1277.138
1258.683 1259.661 1260.482 1261.746 1262.973 1264.01 1264.893 1265.55 1265.973 1266.22 1266.358 1266.453 1266.571 1266.732 1266.899 1266.975 1266.838 1266.382 1265.583 1264.329 1262.568 1260.559 1258.941 1257.959 1257.464 1257.164 1256.821 1256.251 1255.404 1254.64 1254.052 1253.576 1253.076 1252.409 1251.511 1250.505 1249.502 1248.557 1247.68 1246.925 1246.463 1246.54 1247.239 1248.54 1250.264 1252.19 1254.119 1255.996 1257.677 1259.356 1260.757 1262.536 1264.304 1265.945 1267.539 1269.095 1270.605 1272.043 1273.369 1274.567 1275.723 1276.988 1278.462
1260.587 1261.642 1262.674 1263.779 1264.867 1265.868 1266.76 1267.496 1268.052 1268.449 1268.726 1268.942 1269.155 1269.375 1269.586 1269.724 1269.675 1269.302 1268.505 1267.24 1265.523 1263.52 1261.652 1260.669 1260.27 1260.086 1259.845 1259.302 1258.287 1257.574 1257.16 1256.865 1256.493 1255.84 1254.808 1253.683 1252.551 1251.512 1250.606 1249.912 1249.613 1249.853 1250.648 1251.975 1253.728 1255.645 1257.407 1259.145 1260.488 1262.009 1263.452 1265.074 1266.73 1268.336 1269.894 1271.392 1272.805 1274.117 1275.272 1276.235 1277.216 1278.474 1280.096
1263.179 1264.063 1265.027 1266.001 1266.961 1267.901 1268.812 1269.65 1270.377 1270.969 1271.43 1271.831 1272.211 1272.511 1272.74 1272.884 1272.853 1272.491 1271.69 1270.504 1268.985 1267.226 1265.516 1264.339 1263.641 1263.172 1262.667 1261.897 1260.842 1260.302 1260.094 1259.977 1259.734 1259.112 1257.888 1256.698 1255.479 1254.43 1253.559 1252.916 1252.734 1253.109 1253.933 1255.223 1256.971 1258.859 1260.302 1261.829 1263.185 1264.593 1266.01 1267.513 1269.057 1270.594 1272.103 1273.55 1274.909 1276.192 1277.3 1278.049 1278.862 1280.211 1282.083
1265.931 1266.703 1267.533 1268.364 1269.2 1270.078 1271.014 1271.976 1272.907 1273.729 1274.379 1274.995 1275.632 1276.027 1276.241 1276.34 1276.273 1275.869 1275.007 1273.951 1272.716 1271.254 1269.66 1268.282 1267.234 1266.421 1265.661 1264.809 1263.911 1263.349 1263.067 1262.856 1262.48 1261.725 1260.538 1259.491 1258.224 1257.254 1256.471 1255.814 1255.715 1256.229 1256.982 1258.086 1259.711 1261.377 1262.847 1264.308 1265.698 1267.069 1268.44 1269.85 1271.291 1272.747 1274.203 1275.601 1276.904 1278.23 1279.465 1280.058 1280.781 1282.395 1284.405
1268.676 1269.385 1270.089 1270.778 1271.49 1272.306 1273.265 1274.342 1275.495 1276.567 1277.325 1278.083 1279.046 1279.531 1279.711 1279.739 1279.608 1279.141 1278.135 1277.266 1276.398 1275.236 1273.66 1272.083 1270.747 1269.677 1268.763 1267.889 1267.063 1266.442 1266.024 1265.664 1265.159 1264.362 1263.271 1262.114 1260.825 1260.01 1259.314 1258.482 1258.412 1259.143 1259.761 1260.568 1262.052 1263.647 1265.169 1266.653 1268.083 1269.453 1270.778 1272.101 1273.443 1274.812 1276.223 1277.579 1278.749 1280.071 1281.365 1282.327 1283.398 1285.022 1286.984
1271.352 1272.015 1272.609 1273.154 1273.737 1274.483 1275.447 1276.586 1277.928 1279.265 1279.992 1280.666 1281.685 1282.321 1282.57 1282.55 1282.283 1281.68 1280.735 1280.186 1279.705 1278.825 1277.169 1275.423 1273.917 1272.742 1271.804 1270.961 1270.159 1269.479 1268.945 1268.465 1267.887 1267.108 1266.125 1265.028 1263.864 1262.876 1261.905 1260.903 1260.76 1261.482 1262.232 1263.125 1264.436 1265.932 1267.457 1268.962 1270.413 1271.779 1273.058 1274.289 1275.527 1276.788 1278.184 1279.583 1280.587 1282.035 1283.457 1284.727 1286.069 1287.721 1289.609
1273.922 1274.569 1275.064 1275.457 1275.895 1276.563 1277.521 1278.596 1279.974 1281.335 1282.358 1283.265 1284.212 1284.852 1285.109 1285.049 1284.723 1284.15 1283.427 1282.867 1282.283 1281.339 1279.836 1278.083 1276.573 1275.475 1274.664 1273.92 1273.131 1272.412 1271.812 1271.264 1270.652 1269.918 1269.058 1268.089 1267.037 1265.996 1264.976 1264.106 1263.843 1264.216 1264.847 1265.708 1266.893 1268.304 1269.802 1271.299 1272.739 1274.073 1275.297 1276.425 1277.565 1278.657 1280.034 1281.497 1282.804 1284.28 1285.756 1287.173 1288.64 1290.291 1292.112
1276.355 1277.063 1277.479 1277.717 1277.998 1278.586 1279.613 1280.543 1281.966 1283.374 1284.599 1285.689 1286.64 1287.264 1287.493 1287.387 1287.029 1286.491 1285.861 1285.24 1284.497 1283.429 1281.935 1280.212 1278.77 1277.888 1277.327 1276.732 1275.916 1275.189 1274.599 1274.039 1273.395 1272.708 1271.975 1271.148 1270.201 1269.193 1268.21 1267.416 1267.051 1267.159 1267.603 1268.349 1269.426 1270.766 1272.225 1273.678 1275.065 1276.324 1277.491 1278.486 1279.609 1280.5 1281.962 1283.539 1285.063 1286.602 1288.109 1289.572 1291.054 1292.651 1294.398
1278.601 1279.498 1279.899 1280.05 1280.213 1280.689 1281.804 1282.945 1284.288 1285.639 1286.901 1288.055 1289.016 1289.621 1289.8 1289.629 1289.222 1288.677 1288.066 1287.406 1286.588 1285.473 1284.021 1282.37 1280.877 1280.213 1279.884 1279.403 1278.448 1277.767 1277.285 1276.761 1276.038 1275.381 1274.78 1274.091 1273.216 1272.25 1271.3 1270.532 1270.099 1270.048 1270.346 1270.984 1271.979 1273.275 1274.694 1276.06 1277.361 1278.461 1279.604 1280.378 1281.513 1282.647 1284.102 1285.703 1287.311 1288.889 1290.406 1291.86 1293.294 1294.788 1296.444
1280.631 1281.604 1282.263 1282.659 1283.017 1283.591 1284.561 1285.673 1286.892 1288.132 1289.34 1290.476 1291.421 1291.992 1292.085 1291.807 1291.317 1290.736 1290.126 1289.476 1288.687 1287.647 1286.35 1284.934 1283.682 1282.924 1282.385 1281.696 1280.718 1280.207 1279.89 1279.407 1278.493 1277.867 1277.424 1276.861 1275.972 1275.011 1274.07 1273.314 1272.858 1272.731 1272.937 1273.494 1274.44 1275.733 1277.131 1278.328 1279.549 1280.361 1281.469 1282.45 1283.597 1284.847 1286.298 1287.885 1289.501 1291.08 1292.593 1294.031 1295.399 1296.759 1298.328
1283.281 1284.146 1284.919 1285.526 1286.082 1286.746 1287.609 1288.591 1289.649 1290.748 1291.869 1292.962 1293.89 1294.43 1294.378 1293.94 1293.326 1292.693 1292.099 1291.516 1290.841 1289.962 1288.867 1287.692 1286.633 1285.83 1285.144 1284.39 1283.555 1282.955 1282.439 1281.73 1280.74 1280.238 1279.949 1279.464 1278.421 1277.443 1276.474 1275.745 1275.323 1275.188 1275.329 1275.796 1276.68 1277.991 1279.4 1280.284 1281.386 1282.352 1283.449 1284.559 1285.755 1287.049 1288.478 1290.017 1291.593 1293.144 1294.654 1296.108 1297.45 1298.655 1300.203
