MtW280000.grd
ncols 800 
nrows 100
xllcorner 0.0
yllcorner 0.0
cellsize 10.0
[rows 0 to 27 of 100, columns 63 to 125 of 800]
1478.225 1476.677 1475.142 1473.561 1471.898 1470.133 1468.251 1466.26 1464.19 1462.101 1460.086 1458.295 1456.653 1455.144 1453.768 1452.524 1451.396 1450.345 1449.339 1448.357 1447.376 1446.361 1445.275 1444.095 1442.811 1441.431 1439.973 1438.439 1436.916 1435.462 1434.094 1432.785 1431.501 1430.241 1429.014 1427.817 1426.637 1425.466 1424.297 1423.135 1422.005 1420.938 1419.953 1419.032 1418.4 1417.478 1416.35 1415.143 1413.923 1412.684 1411.386 1409.99 1408.471 1406.834 1405.121 1403.4 1401.773 1400.421 1399.714 1398.42 1396.889 1395.274 1393.637
1478.939 1477.612 1476.214 1474.711 1473.112 1471.418 1469.619 1467.716 1465.736 1463.733 1461.787 1459.99 1458.328 1456.796 1455.408 1454.172 1453.065 1452.03 1451.026 1450.038 1449.049 1448.026 1446.931 1445.736 1444.428 1443.016 1441.521 1439.98 1438.448 1436.998 1435.664 1434.403 1433.125 1431.83 1430.554 1429.313 1428.107 1426.93 1425.768 1424.611 1423.463 1422.34 1421.249 1420.252 1419.787 1418.781 1417.595 1416.38 1415.205 1414.05 1412.846 1411.546 1410.127 1408.596 1406.99 1405.378 1403.84 1402.483 1401.372 1400 1398.431 1396.788 1395.131
1480.009 1478.726 1477.371 1475.883 1474.313 1472.678 1470.962 1469.151 1467.26 1465.334 1463.439 1461.643 1459.972 1458.419 1457.018 1455.802 1454.737 1453.725 1452.723 1451.726 1450.726 1449.696 1448.593 1447.385 1446.058 1444.616 1443.089 1441.523 1439.98 1438.523 1437.234 1436.063 1434.797 1433.45 1432.102 1430.803 1429.564 1428.386 1427.248 1426.123 1424.996 1423.877 1422.789 1421.8 1421.027 1419.993 1418.789 1417.579 1416.458 1415.402 1414.296 1413.084 1411.759 1410.332 1408.837 1407.328 1405.869 1404.491 1403.168 1401.691 1400.049 1398.351 1396.646
1481.255 1479.953 1478.581 1477.04 1475.47 1473.889 1472.258 1470.541 1468.737 1466.879 1465.023 1463.228 1461.538 1459.975 1458.563 1457.383 1456.408 1455.425 1454.422 1453.417 1452.408 1451.37 1450.265 1449.052 1447.711 1446.248 1444.693 1443.099 1441.527 1440.047 1438.801 1437.798 1436.537 1435.114 1433.671 1432.296 1431.023 1429.852 1428.76 1427.7 1426.631 1425.546 1424.467 1423.421 1422.417 1421.276 1420.015 1418.777 1417.699 1416.761 1415.739 1414.59 1413.337 1412.008 1410.631 1409.242 1407.869 1406.51 1405.111 1403.568 1401.861 1400.055 1398.255
1482.469 1481.067 1479.691 1478.08 1476.539 1475.036 1473.499 1471.877 1470.157 1468.362 1466.541 1464.749 1463.038 1461.447 1460.02 1458.88 1458.073 1457.107 1456.092 1455.095 1454.085 1453.046 1451.947 1450.741 1449.399 1447.927 1446.359 1444.752 1443.169 1441.673 1440.384 1439.614 1438.304 1436.792 1435.254 1433.806 1432.506 1431.363 1430.343 1429.375 1428.388 1427.351 1426.27 1425.159 1424.006 1422.752 1421.404 1420.069 1418.977 1418.182 1417.191 1416.052 1414.839 1413.597 1412.352 1411.112 1409.868 1408.583 1407.197 1405.64 1403.889 1401.992 1400.046
1483.627 1482.001 1480.327 1478.917 1477.538 1476.151 1474.709 1473.17 1471.523 1469.786 1468.003 1466.227 1464.511 1462.904 1461.453 1460.274 1459.706 1458.689 1457.661 1456.727 1455.738 1454.708 1453.63 1452.448 1451.124 1449.66 1448.097 1446.498 1444.937 1443.481 1442.215 1441.202 1439.931 1438.409 1436.828 1435.338 1434.036 1432.953 1432.038 1431.187 1430.293 1429.307 1428.226 1427.06 1425.813 1424.473 1423.057 1421.637 1420.381 1419.727 1418.643 1417.447 1416.242 1415.083 1413.989 1412.939 1411.875 1410.723 1409.418 1407.898 1406.138 1404.171 1402.093
1484.906 1483.235 1481.557 1480.055 1478.685 1477.336 1475.939 1474.442 1472.842 1471.156 1469.417 1467.673 1465.979 1464.391 1462.968 1461.797 1460.96 1459.985 1459.025 1458.285 1457.335 1456.32 1455.292 1454.161 1452.876 1451.442 1449.901 1448.319 1446.772 1445.321 1444 1442.786 1441.455 1439.965 1438.391 1436.891 1435.622 1434.646 1433.881 1433.168 1432.362 1431.42 1430.338 1429.135 1427.827 1426.429 1424.98 1423.546 1422.216 1421.182 1419.997 1418.742 1417.538 1416.462 1415.55 1414.732 1413.89 1412.911 1411.738 1410.31 1408.586 1406.593 1404.421
1486.288 1484.663 1483.027 1481.477 1480.024 1478.632 1477.211 1475.7 1474.117 1472.472 1470.784 1469.087 1467.428 1465.865 1464.451 1463.225 1462.187 1461.154 1460.203 1459.763 1458.807 1457.816 1456.896 1455.846 1454.626 1453.249 1451.749 1450.192 1448.648 1447.165 1445.761 1444.399 1442.98 1441.477 1439.938 1438.446 1437.234 1436.428 1435.872 1435.315 1434.571 1433.657 1432.574 1431.35 1430 1428.55 1427.047 1425.547 1424.103 1422.765 1421.395 1420.02 1418.769 1417.756 1417.051 1416.506 1415.909 1415.099 1414.089 1412.809 1411.177 1409.219 1407.03
1487.706 1486.157 1484.574 1483.006 1481.484 1480 1478.499 1476.915 1475.33 1473.73 1472.101 1470.46 1468.847 1467.307 1465.885 1464.608 1463.472 1462.425 1461.514 1460.849 1459.981 1459.091 1458.404 1457.454 1456.319 1455.041 1453.615 1452.098 1450.561 1449.041 1447.55 1446.069 1444.555 1442.996 1441.435 1439.969 1438.806 1438.235 1437.94 1437.553 1436.808 1435.921 1434.849 1433.632 1432.261 1430.764 1429.193 1427.602 1426.03 1424.485 1422.931 1421.411 1420.034 1419.007 1418.52 1418.26 1417.895 1417.185 1416.356 1415.29 1413.802 1411.947 1409.837
1489.085 1487.629 1486.101 1484.525 1482.932 1481.332 1479.702 1478.018 1476.457 1474.929 1473.372 1471.792 1470.225 1468.711 1467.284 1465.967 1464.771 1463.692 1462.737 1461.901 1461.01 1460.162 1459.801 1458.896 1457.861 1456.762 1455.457 1454.01 1452.506 1450.97 1449.412 1447.834 1446.231 1444.605 1442.998 1441.499 1440.308 1439.965 1439.882 1439.635 1438.803 1438.028 1437.012 1435.874 1434.52 1432.99 1431.358 1429.683 1428.002 1426.324 1424.644 1423.008 1421.51 1420.336 1420.011 1419.942 1419.728 1418.972 1418.378 1417.623 1416.301 1414.602 1412.663
1490.37 1489.013 1487.547 1485.969 1484.292 1482.51 1480.498 1478.94 1477.52 1476.097 1474.611 1473.083 1471.559 1470.072 1468.647 1467.304 1466.061 1464.932 1463.921 1463.004 1462.125 1461.341 1460.778 1459.992 1459.131 1458.356 1457.214 1455.874 1454.456 1452.95 1451.362 1449.719 1448.048 1446.369 1444.736 1443.255 1442.108 1441.536 1441.222 1440.822 1440.147 1439.752 1438.854 1437.946 1436.662 1435.132 1433.47 1431.747 1430.005 1428.258 1426.525 1424.861 1423.371 1422.229 1421.659 1421.331 1420.906 1420.218 1420.003 1419.646 1418.455 1416.964 1415.311
1491.536 1490.276 1488.885 1487.333 1485.616 1483.753 1481.79 1480.106 1478.695 1477.306 1475.838 1474.334 1472.841 1471.382 1469.969 1468.612 1467.332 1466.152 1465.083 1464.113 1463.22 1462.412 1461.699 1460.917 1460.147 1459.795 1458.787 1457.591 1456.355 1454.942 1453.372 1451.709 1450.005 1448.291 1446.619 1445.095 1443.855 1443.002 1442.396 1441.849 1441.274 1440.808 1440.144 1439.702 1438.539 1437.07 1435.442 1433.73 1431.984 1430.229 1428.49 1426.831 1425.35 1424.164 1423.351 1422.753 1422.192 1421.628 1421.314 1420.898 1419.993 1418.837 1417.645
1492.582 1491.411 1490.113 1488.629 1486.945 1485.106 1483.214 1481.486 1479.983 1478.551 1477.027 1475.521 1474.059 1472.635 1471.243 1469.884 1468.578 1467.352 1466.228 1465.205 1464.273 1463.426 1462.651 1461.904 1461.244 1460.767 1459.981 1459.026 1458.134 1456.873 1455.366 1453.742 1452.063 1450.348 1448.63 1447.004 1445.585 1444.449 1443.556 1442.827 1442.214 1441.722 1441.236 1440.796 1439.94 1438.681 1437.195 1435.574 1433.884 1432.165 1430.448 1428.792 1427.285 1426.011 1425.001 1424.185 1423.483 1422.881 1422.42 1421.914 1421.159 1420.255 1419.63
1493.531 1492.433 1491.232 1489.847 1488.245 1486.461 1484.603 1482.813 1481.179 1479.693 1478.088 1476.606 1475.203 1473.833 1472.469 1471.117 1469.792 1468.529 1467.354 1466.276 1465.295 1464.403 1463.592 1462.851 1462.197 1461.625 1460.927 1460.159 1459.738 1458.619 1457.218 1455.709 1454.147 1452.492 1450.759 1449.024 1447.404 1445.989 1444.805 1443.843 1443.09 1442.522 1442.056 1441.608 1440.936 1439.966 1438.703 1437.244 1435.661 1434.01 1432.323 1430.663 1429.107 1427.727 1426.551 1425.553 1424.702 1423.992 1423.412 1422.863 1422.249 1421.601 1421.009
1494.415 1493.365 1492.253 1490.975 1489.475 1487.764 1485.917 1484.032 1482.169 1480.363 1478.937 1477.606 1476.305 1474.996 1473.661 1472.31 1470.97 1469.677 1468.457 1467.328 1466.292 1465.353 1464.505 1463.743 1463.073 1462.474 1461.872 1461.286 1460.81 1459.955 1458.771 1457.483 1456.165 1454.654 1452.961 1451.167 1449.387 1447.726 1446.257 1445.02 1444.04 1443.308 1442.76 1442.284 1441.719 1440.963 1439.969 1438.718 1437.288 1435.727 1434.073 1432.393 1430.774 1429.286 1427.967 1426.816 1425.825 1424.996 1424.317 1423.734 1423.187 1422.649 1422.079
1495.283 1494.252 1493.199 1492.011 1490.618 1489 1487.202 1485.31 1483.406 1481.592 1480.058 1478.731 1477.461 1476.172 1474.833 1473.466 1472.108 1470.788 1469.535 1468.359 1467.271 1466.281 1465.392 1464.599 1463.902 1463.288 1462.728 1462.197 1461.671 1460.942 1459.995 1458.98 1458.046 1456.732 1455.138 1453.368 1451.523 1449.702 1447.994 1446.474 1445.208 1444.229 1443.506 1442.945 1442.41 1441.785 1440.99 1439.98 1438.739 1437.293 1435.663 1433.95 1432.26 1430.671 1429.23 1427.952 1426.842 1425.909 1425.15 1424.527 1423.985 1423.478 1422.936
1496.211 1495.16 1494.107 1492.967 1491.665 1490.157 1488.453 1486.623 1484.77 1482.999 1481.418 1480.015 1478.706 1477.382 1475.992 1474.582 1473.197 1471.859 1470.583 1469.374 1468.238 1467.195 1466.26 1465.43 1464.7 1464.063 1463.497 1462.971 1462.429 1461.778 1460.993 1460.179 1459.726 1458.582 1457.129 1455.485 1453.708 1451.86 1450.016 1448.263 1446.701 1445.416 1444.437 1443.705 1443.11 1442.523 1441.844 1441.005 1439.97 1438.67 1437.054 1435.302 1433.542 1431.867 1430.331 1428.956 1427.75 1426.732 1425.909 1425.249 1424.69 1424.176 1423.641
1497.3 1496.151 1495.005 1493.85 1492.613 1491.216 1489.634 1487.909 1486.135 1484.414 1482.819 1481.362 1479.991 1478.602 1477.112 1475.647 1474.237 1472.889 1471.601 1470.37 1469.198 1468.104 1467.118 1466.246 1465.48 1464.811 1464.221 1463.681 1463.149 1462.581 1461.967 1461.367 1460.869 1459.979 1458.76 1457.345 1455.771 1454.053 1452.22 1450.343 1448.537 1446.94 1445.646 1444.662 1443.906 1443.255 1442.584 1441.806 1440.876 1439.758 1438.178 1436.407 1434.596 1432.861 1431.263 1429.826 1428.555 1427.471 1426.595 1425.902 1425.326 1424.797 1424.252
1498.523 1497.203 1495.876 1494.662 1493.464 1492.169 1490.715 1489.111 1487.429 1485.756 1484.152 1482.638 1481.187 1479.72 1478.125 1476.645 1475.245 1473.899 1472.602 1471.354 1470.152 1469.012 1467.973 1467.054 1466.248 1465.542 1464.922 1464.366 1463.845 1463.335 1462.827 1462.322 1461.793 1461.031 1460.018 1458.854 1457.552 1456.086 1454.417 1452.562 1450.626 1448.774 1447.164 1445.872 1444.869 1444.048 1443.276 1442.429 1441.417 1440.188 1438.949 1437.25 1435.415 1433.645 1432.022 1430.562 1429.262 1428.137 1427.214 1426.487 1425.895 1425.357 1424.801
1499.667 1498.054 1496.641 1495.411 1494.251 1493.04 1491.696 1490.207 1488.617 1486.99 1485.377 1483.789 1482.181 1480.38 1478.955 1477.606 1476.27 1474.936 1473.62 1472.339 1471.104 1469.922 1468.831 1467.86 1467.009 1466.261 1465.607 1465.031 1464.514 1464.034 1463.573 1463.106 1462.578 1461.891 1461.024 1460.025 1458.965 1457.79 1456.393 1454.704 1452.78 1450.786 1448.922 1447.326 1446.029 1444.964 1444.012 1443.056 1442.016 1440.897 1439.745 1437.924 1436.024 1434.238 1432.62 1431.172 1429.877 1428.737 1427.779 1427.015 1426.396 1425.849 1425.294
1500.496 1498.858 1497.448 1496.211 1495.058 1493.885 1492.611 1491.21 1489.702 1488.128 1486.525 1484.904 1483.246 1481.534 1480.047 1478.72 1477.406 1476.058 1474.69 1473.348 1472.06 1470.835 1469.693 1468.668 1467.767 1466.974 1466.279 1465.675 1465.15 1464.677 1464.233 1463.779 1463.263 1462.626 1461.852 1460.97 1460.033 1459.091 1457.989 1456.548 1454.767 1452.774 1450.771 1448.938 1447.36 1446.017 1444.822 1443.674 1442.502 1441.279 1439.96 1438.226 1436.407 1434.677 1433.101 1431.686 1430.416 1429.28 1428.302 1427.501 1426.843 1426.27 1425.716
1502.023 1500.129 1498.574 1497.229 1495.996 1494.78 1493.513 1492.158 1490.714 1489.2 1487.64 1486.05 1484.441 1482.84 1481.364 1480.003 1478.667 1477.274 1475.82 1474.39 1473.031 1471.754 1470.564 1469.483 1468.528 1467.685 1466.942 1466.3 1465.75 1465.269 1464.822 1464.369 1463.864 1463.262 1462.548 1461.741 1460.887 1460.031 1459.158 1457.954 1456.385 1454.52 1452.518 1450.562 1448.774 1447.176 1445.716 1444.316 1442.91 1441.467 1439.98 1438.365 1436.707 1435.082 1433.56 1432.172 1430.92 1429.788 1428.794 1427.959 1427.258 1426.639 1426.061
1503.86 1501.843 1500.065 1498.525 1497.118 1495.769 1494.441 1493.09 1491.689 1490.235 1488.74 1487.219 1485.688 1484.178 1482.731 1481.349 1479.98 1478.531 1476.966 1475.449 1474.023 1472.69 1471.45 1470.313 1469.298 1468.4 1467.606 1466.914 1466.325 1465.816 1465.35 1464.885 1464.381 1463.802 1463.125 1462.355 1461.532 1460.712 1459.924 1458.883 1457.534 1455.87 1453.988 1452.042 1450.155 1448.378 1446.692 1445.04 1443.371 1441.673 1440.011 1438.557 1437.098 1435.59 1434.109 1432.72 1431.451 1430.3 1429.276 1428.405 1427.661 1426.987 1426.354
1505.776 1503.718 1501.793 1500.028 1498.391 1496.835 1495.401 1494.028 1492.656 1491.257 1489.831 1488.387 1486.937 1485.491 1484.061 1482.642 1481.204 1479.697 1478.031 1476.484 1475.037 1473.663 1472.37 1471.173 1470.091 1469.129 1468.278 1467.531 1466.89 1466.336 1465.832 1465.337 1464.817 1464.242 1463.585 1462.827 1461.977 1461.055 1460.095 1459.379 1458.251 1456.791 1455.091 1453.257 1451.391 1449.549 1447.729 1445.9 1444.034 1442.131 1440.297 1439.027 1437.736 1436.298 1434.82 1433.397 1432.076 1430.872 1429.79 1428.86 1428.073 1427.35 1426.646
1507.645 1505.571 1503.546 1501.591 1499.687 1497.903 1496.379 1494.988 1493.634 1492.279 1490.914 1489.542 1488.161 1486.764 1485.334 1483.845 1482.248 1480.416 1478.922 1477.502 1476.094 1474.695 1473.344 1472.081 1470.924 1469.888 1468.971 1468.163 1467.462 1466.852 1466.295 1465.75 1465.19 1464.596 1463.943 1463.203 1462.37 1461.474 1460.612 1459.909 1458.745 1457.379 1455.84 1454.167 1452.413 1450.616 1448.783 1446.903 1444.983 1443.077 1441.33 1439.978 1438.685 1437.205 1435.687 1434.213 1432.826 1431.549 1430.387 1429.368 1428.513 1427.75 1426.987
1509.385 1507.315 1505.203 1503.048 1500.683 1498.896 1497.389 1496.001 1494.647 1493.309 1491.987 1490.673 1489.354 1488.003 1486.584 1485.065 1483.418 1481.656 1480.082 1478.673 1477.258 1475.802 1474.379 1473.044 1471.813 1470.695 1469.701 1468.825 1468.057 1467.382 1466.765 1466.162 1465.544 1464.903 1464.229 1463.495 1462.679 1461.791 1460.879 1459.993 1458.977 1457.736 1456.329 1454.809 1453.206 1451.534 1449.786 1447.96 1446.076 1444.211 1442.483 1441.02 1439.711 1438.156 1436.626 1435.13 1433.692 1432.345 1431.105 1429.981 1429.022 1428.202 1427.405
1510.944 1508.914 1506.762 1504.51 1502.181 1500.194 1498.602 1497.144 1495.722 1494.353 1493.042 1491.771 1490.508 1489.213 1487.837 1486.345 1484.737 1483.061 1481.473 1479.993 1478.507 1476.947 1475.45 1474.054 1472.761 1471.568 1470.489 1469.533 1468.689 1467.941 1467.258 1466.598 1465.922 1465.22 1464.496 1463.741 1462.929 1462.043 1461.084 1460.082 1459.281 1458.085 1456.71 1455.277 1453.811 1452.291 1450.688 1448.982 1447.186 1445.358 1443.579 1441.897 1440.284 1438.953 1437.57 1436.102 1434.641 1433.245 1431.942 1430.733 1429.651 1428.734 1427.9
1512.315 1510.383 1508.286 1506.081 1503.851 1501.814 1500.039 1498.415 1496.842 1495.395 1494.069 1492.825 1491.612 1490.38 1489.072 1487.644 1486.093 1484.47 1482.859 1481.285 1479.697 1478.024 1476.504 1475.095 1473.763 1472.511 1471.352 1470.307 1469.378 1468.547 1467.788 1467.068 1466.345 1465.593 1464.81 1464.008 1463.183 1462.328 1461.452 1460.613 1459.866 1458.511 1457.067 1455.659 1454.291 1452.915 1451.472 1449.919 1448.248 1446.493 1444.721 1442.992 1441.372 1439.989 1438.634 1437.128 1435.639 1434.216 1432.873 1431.613 1430.434 1429.391 1428.483
