MtW28000.grd
ncols 800 
nrows 10
xllcorner 0.0
yllcorner 0.0
cellsize 10.0
[rows 0 to 9 of 10, columns 441 to 503 of 800]
1237.234 1240.087 1242.378 1244.546 1246.996 1249.897 1253.196 1256.703 1260.206 1263.649 1266.884 1269.882 1272.638 1275.183 1277.604 1280.029 1282.595 1285.26 1287.983 1290.71 1293.368 1295.85 1298.058 1299.958 1301.545 1303.073 1304.752 1306.749 1309.125 1311.803 1314.615 1317.376 1319.941 1322.225 1324.444 1326.743 1329.166 1331.703 1334.343 1337.081 1339.898 1342.706 1345.612 1348.563 1351.418 1354.018 1356.216 1357.919 1359.125 1360.001 1360.575 1360.854 1360.87 1360.679 1360.364 1360.057 1360.003 1360.012 1359.957 1359.378 1358.897 1358.159 1357.415
1236.506 1239.286 1241.257 1243.201 1245.586 1248.605 1252.186 1256.073 1259.935 1263.511 1266.805 1269.844 1272.633 1275.199 1277.623 1280.044 1282.629 1285.328 1288.096 1290.873 1293.572 1296.06 1298.203 1299.984 1301.55 1303.06 1304.702 1306.658 1309.012 1311.7 1314.546 1317.35 1319.942 1322.222 1324.427 1326.72 1329.15 1331.696 1334.336 1337.073 1339.919 1342.834 1345.89 1349.008 1352.026 1354.766 1357.075 1358.848 1360.047 1360.985 1361.632 1361.995 1362.103 1362.005 1361.772 1361.5 1361.295 1361.071 1360.713 1360.109 1359.887 1359.158 1358.522
1235.538 1237.971 1239.861 1241.67 1244.002 1247.144 1251.036 1255.355 1259.63 1263.356 1266.709 1269.792 1272.622 1275.216 1277.647 1280.057 1282.643 1285.368 1288.19 1291.041 1293.819 1296.357 1298.445 1300.039 1301.592 1303.084 1304.678 1306.577 1308.893 1311.577 1314.458 1317.317 1319.95 1322.227 1324.418 1326.711 1329.154 1331.714 1334.355 1337.079 1339.938 1342.974 1346.196 1349.486 1352.66 1355.526 1357.924 1359.766 1360.981 1361.943 1362.654 1363.104 1363.309 1363.307 1363.154 1362.911 1362.627 1362.274 1361.808 1361.238 1360.776 1360.122 1359.82
1234.573 1236.653 1238.328 1239.995 1242.222 1245.447 1249.656 1254.433 1259.165 1263.076 1266.527 1269.684 1272.578 1275.22 1277.67 1280.063 1282.612 1285.333 1288.21 1291.166 1294.083 1296.771 1298.913 1300.255 1301.755 1303.171 1304.676 1306.492 1308.747 1311.408 1314.313 1317.236 1319.934 1322.196 1324.386 1326.708 1329.198 1331.805 1334.467 1337.173 1340.013 1343.186 1346.584 1350.036 1353.339 1356.285 1358.658 1360.265 1361.682 1362.776 1363.589 1364.141 1364.45 1364.551 1364.483 1364.288 1363.99 1363.594 1363.098 1362.528 1361.957 1361.332 1360.811
1233.777 1235.557 1236.979 1238.417 1240.393 1243.569 1248.03 1253.212 1258.388 1262.536 1266.166 1269.462 1272.463 1275.178 1277.667 1280.043 1282.483 1285.149 1288.061 1291.128 1294.218 1297.159 1299.614 1300.879 1302.067 1303.272 1304.638 1306.353 1308.532 1311.145 1314.043 1317.016 1319.794 1322.011 1324.246 1326.674 1329.285 1332.006 1334.756 1337.481 1340.268 1343.58 1347.125 1350.695 1354.081 1357.09 1359.55 1361.1 1362.44 1363.559 1364.441 1365.086 1365.502 1365.709 1365.739 1365.615 1365.354 1364.971 1364.484 1363.92 1363.313 1362.669 1362.039
1233.191 1234.762 1235.977 1237.205 1238.938 1241.752 1246.288 1251.67 1257.158 1261.632 1265.575 1269.096 1272.242 1275.043 1277.575 1279.933 1282.164 1284.731 1287.653 1290.789 1293.967 1297.003 1299.565 1300.902 1302.04 1303.156 1304.442 1306.09 1308.203 1310.749 1313.584 1316.526 1319.329 1321.502 1323.914 1326.567 1329.395 1332.322 1335.275 1338.153 1340.907 1344.281 1347.871 1351.465 1354.83 1357.718 1359.961 1361.655 1363.067 1364.248 1365.203 1365.938 1366.455 1366.77 1366.903 1366.869 1366.68 1366.35 1365.903 1365.365 1364.76 1364.109 1363.437
1232.773 1234.239 1235.327 1236.402 1237.963 1240.549 1244.707 1249.914 1255.443 1260.426 1264.814 1268.616 1271.911 1274.766 1277.283 1279.574 1281.529 1284.038 1286.977 1290.13 1293.289 1296.241 1298.682 1300.243 1301.572 1302.731 1304.029 1305.677 1307.762 1310.239 1312.958 1315.733 1318.345 1320.639 1323.434 1326.405 1329.494 1332.671 1335.918 1339.16 1342.059 1345.283 1348.782 1352.329 1355.652 1358.416 1360.334 1362.114 1363.615 1364.868 1365.896 1366.712 1367.324 1367.74 1367.973 1368.038 1367.938 1367.687 1367.305 1366.818 1366.248 1365.614 1364.94
1232.408 1233.883 1234.926 1235.88 1237.264 1239.602 1243.195 1248.177 1253.854 1259.363 1264.085 1268.105 1271.508 1274.357 1276.74 1278.758 1280.576 1283.198 1286.17 1289.293 1292.385 1295.264 1297.751 1299.683 1300.943 1302.071 1303.428 1305.149 1307.266 1309.716 1312.362 1315.051 1317.664 1320.208 1323.151 1326.283 1329.538 1332.884 1336.294 1339.693 1342.836 1346.135 1349.63 1353.161 1356.504 1359.358 1361.129 1362.736 1364.197 1365.474 1366.556 1367.442 1368.136 1368.642 1368.969 1369.128 1369.121 1368.958 1368.658 1368.244 1367.734 1367.146 1366.505
1231.952 1233.545 1234.622 1235.471 1236.583 1238.47 1241.548 1246.416 1252.332 1258.339 1263.353 1267.569 1271.084 1273.964 1276.307 1278.275 1280.161 1282.642 1285.465 1288.449 1291.411 1294.177 1296.6 1298.55 1299.963 1301.169 1302.707 1304.587 1306.795 1309.269 1311.899 1314.589 1317.293 1320.038 1323.008 1326.17 1329.491 1332.923 1336.413 1339.904 1343.285 1346.744 1350.29 1353.787 1357.036 1359.795 1361.698 1363.316 1364.774 1366.076 1367.207 1368.156 1368.923 1369.51 1369.92 1370.163 1370.243 1370.166 1369.953 1369.623 1369.191 1368.673 1368.093
1231.284 1233.094 1234.302 1235.117 1236.006 1237.529 1240.233 1244.713 1250.75 1257.168 1262.487 1266.953 1270.639 1273.624 1276.036 1278.081 1280.042 1282.3 1284.885 1287.679 1290.494 1293.149 1295.499 1297.444 1298.953 1300.259 1302.067 1304.125 1306.428 1308.935 1311.573 1314.287 1317.077 1319.938 1322.851 1325.983 1329.331 1332.823 1336.382 1339.967 1343.554 1347.184 1350.802 1354.257 1357.355 1359.955 1362.015 1363.762 1365.3 1366.662 1367.855 1368.873 1369.712 1370.372 1370.857 1371.174 1371.331 1371.335 1371.204 1370.958 1370.612 1370.178 1369.675
